NEURON -- VERSION 7.2 twophase_multisend (576+:39143618f47b+) 2011-03-23
 '--prefix=/home/hines/neuron/replay' '--with-nrnpython' '--enable-bluegeneP' '--with-paranrn' '--with-multisend=allreplay' '--host=powerpc64-suse-linux' 'BG_BASE=/home/hines/BGP/IBM_V1R4M2/bgp/comm' 'BGlinux=/bgsys/drivers/ppcfloor/gnu-linux' 'CC=/home/hines/BGP/IBM_V1R4M2/bgp/comm/comm/bin/mpixlc' 'CXX=/home/hines/BGP/IBM_V1R4M2/bgp/comm/comm/bin/mpixlcxx' 'host_alias=powerpc64-suse-linux'
/home/hines/perf1/powerpc64/special -mpi -c xopen_broadcast_=1 temp.hoc
methodinfo 80
nhost 131072
MemSize 536870912
UsedMem 208591832
FreeMem 328279080
use2interval = 0
ncellpow = 22
ncon = 10000
nconrange = 100
mininvl = 20
maxinvl = 40
ranoffset_ = 1
connect_random_low_offset_ = 1
run_random_low_offset_ = 2
n_xcell = 0
use2phase = 0
burstfactor = 1
burstdur = 50
burstsizepow = 0
burstsize = 1
giddist = 0
constyle = 0
bgpdma = 0
compress_bufsize = 10
series = 1
binqueue = 1
selfqueue = 1
tstop = 200
spkfile = 0
done = 0
setuptime = 6.45
mkmodel_time = 8.65
setup_method_time = 1.17
set_maxstep_time = 0.41
stdinit_time = 0.21
runtime = 15.15
methodrun_time = 16.78
elapsed_time = 280.73
jobid = 0
n_dat = 1
seq = 1
@@@end header@@@
1207
4047763006
4048111682
4067210202
0
0
4067211621
4067621846
4068187518
4085516182
0
0
4085517553
4085679259
4086375770
4103724758
0
0
4103726257
4103888523
4104690632
4122000846
0
0
4122002273
4122164387
4122756348
4140187120
0
0
4140188965
4140351340
4141477026
4158844758
0
0
4158846429
4159006443
4159588814
4176939470
0
0
4176941325
4177100435
4177797182
4195256170
0
0
4195257609
4195418891
4196504306
4213911880
0
0
4213913169
4214072695
4214676402
4232025902
0
0
4232027381
4232188183
4232927022
4250265042
0
0
4250266445
4250427075
4251062276
4268358930
0
0
4268360833
4268520755
4269384766
4286703382
0
0
4286705061
4286867991
4287519374
9897890
0
0
9899385
10060695
10803026
28128362
0
0
28129713
28292255
29299834
46583504
0
0
46585273
46747263
47390718
64661690
0
0
64663005
64824297
65565160
82906094
0
0
82907577
83068615
83926744
101339806
0
0
101341665
101503887
102093924
119413686
0
0
119415013
119576583
120344378
137671318
0
0
137672769
137851688
138407510
155750386
1
209677
202740416
224818214
225528152
242839192
1
209562
290067802
312192614
312808598
330240548
4
209806
377470366
399657318
400233226
417593532
1
209645
464824462
487021394
487815564
505145406
3
209692
552558080
574933518
574946015
592296892
0
209957
639777304
662174566
662325519
679648098
2
209580
726959236
749247198
749430392
766754690
2
209654
814183670
836528840
836541127
853842678
1
210042
901263056
923601574
923819262
941114342
2
209409
988335836
1010500390
1011151734
1028431264
1
209730
1075757132
1098022546
1098435814
1115769974
2
209957
1163112148
1185378558
1185714784
1203065966
2
209498
1250110392
1272107246
1272971826
1290292186
1
209804
1337523126
1359647042
1360289706
1377590700
2
209736
1425119838
1447621490
1447693252
1465016214
1
209532
1512316836
1534509422
1535113205
1552466658
2
209749
1599893152
1622010882
1622168448
1639509818
2
209833
1686559580
1708553994
1709530128
1726872598
0
209570
1774298214
1796702492
1796736454
1814085042
2
209871
1861231268
1883336724
1883991274
1901363238
0
5277
1906347456
1907210096
1907222537
1924565042
0
15753
1933705462
1935485672
1935498029
1952860918
0
26204
1965342692
1968182706
1968195219
1985525078
1
36990
2000892032
2004995386
2005007699
2022399322
3
47175
2040049964
2045070962
2045155114
2062547986
0
57449
2082487428
2088512164
2088622040
2105966574
1
68508
2128296488
2135744254
2135756593
2153145414
0
78403
2177134992
2185512014
2185524491
2202859346
0
89242
2228675480
2237980314
2238395748
2255757734
0
99863
2283556056
2294197344
2294252252
2311608498
0
109807
2341021788
2352608148
2352885542
2370248430
0
120942
2401607324
2414465768
2414573914
2431920806
0
130841
2464850724
2478875792
2479006698
2496454104
2
141602
2531135482
2546299682
2546407032
2563728638
2
152261
2600147172
2616521058
2616533613
2633883438
2
162225
2671717516
2689009946
2689264490
2706625838
4
173090
2745983784
2764368552
2764932800
2782324012
2
183633
2823525920
2843209826
2843254316
2860629632
1
194030
2903074584
2923517664
2924248152
2941554850
2
204516
2985790116
3007552706
3007849052
3025220192
0
204275
3069276740
3090968892
3091376108
3108768902
1
194840
3151381148
3171987622
3172630306
3189992006
1
185004
3231529056
3251648394
3251660543
3269002850
5
176038
3308864376
3327678894
3328066396
3345461230
2
168086
3384087808
3402004384
3402420952
3419750382
1
160041
3457267792
3474484204
3474496433
3491915454
2
152560
3528135710
3544357282
3544777910
3562103854
0
145798
3597536288
3613184746
3613197165
3630628662
1
139521
3664807780
3679630430
3680075314
3697541282
0
133667
3730902168
3745104920
3745689604
3763058192
0
128585
3795843848
3809703600
3809716133
3827105466
1
123861
3858912736
3871923162
3872495066
3889862778
0
119533
3921275360
3934104392
3934277262
3951676778
0
115937
3982553254
3995087664
3995118124
4012464596
0
113116
4042937028
4054934814
4055090266
4072528158
0
110528
4102729784
4114591964
4114604669
4132007184
3
108224
4161875116
4173526542
4173539151
4190901686
0
106379
4220492436
4231849646
4231880008
4249208854
0
105453
4278597220
4289910610
4289984078
12367938
0
104726
41522192
52675768
52913411
70263350
1
109743
100412386
112172742
112391800
129755102
2
119675
161741764
174705400
174738040
192104218
2
127618
225395358
239234118
239246325
256587122
1
135689
291113196
305728394
305768146
323132698
1
141090
358477832
373615122
373828288
391235272
2
147084
427564588
443301100
443440708
460794350
1
152260
497943652
514147608
514694820
532042426
0
155566
570018288
586867804
586880634
604221618
2
158836
642338428
659079934
659773784
677136956
1
161084
715848016
732988038
733548282
750878666
1
162103
789583264
806825998
807402286
824748226
0
162940
863811226
881346596
881453642
898792842
3
162094
937649196
955028594
955176764
972545826
0
161611
1011131994
1028258108
1028796024
1046180614
2
160469
1084648164
1101743122
1102065580
1119416986
1
157686
1157304066
1174016942
1174486541
1191842710
2
154783
1229212572
1245616166
1246299232
1263648652
0
151059
1300782292
1317182402
1317194589
1334586898
1
146736
1370669780
1386278302
1386817590
1404176066
3
141988
1439660368
1454894000
1455073954
1472401102
1
137586
1507089848
1521727396
1521952328
1539324506
2
132981
1573179760
1587321848
1587589352
1604971026
1
129709
1638382600
1652247150
1652392320
1669790238
0
127778
1702809172
1716465572
1716514916
1733859788
0
125733
1766589654
1780061824
1780131919
1797594450
0
124438
1830048490
1843384238
1843437684
1860811542
2
124523
1893427168
1906951084
1906963583
1924314222
1
124991
1956807064
1970067206
1970244228
1987570854
0
125368
2020026408
2033435104
2033673326
2050992702
3
126283
2083686904
2097176306
2097658498
2115065302
1
128169
2148068944
2161818046
2162134974
2179520840
0
129738
2212587884
2226247408
2226881032
2244202122
0
132517
2278057976
2292277692
2292290459
2309626366
0
134875
2343716316
2358077342
2358603746
2376031102
1
136671
2410452292
2425080122
2425600234
2442922024
1
138318
2477897676
2492976130
2492988337
2510300430
2
140793
2545542416
2560696942
2560709399
2578064006
0
142769
2613547792
2628865426
2628956278
2646281014
1
145551
2682466956
2698317250
2698329553
2715673894
2
147746
2751798072
2767396898
2768059484
2785421390
1
149537
2821984668
2837939624
2838181802
2855485946
1
149997
2892193292
2908282458
2908359436
2925717346
1
151548
2962760208
2979011790
2979042766
2996420758
0
150006
3032966136
3048970656
3049493890
3066837834
2
149777
3103426212
3119413504
3119784742
3137145026
0
148903
3173800836
3189695104
3189733488
3207067398
0
147692
3243341380
3258989616
3259353884
3276681624
1
146646
3312968022
3328663618
3328766766
3346121626
2
144511
3382119528
3397734910
3397747317
3415081912
2
142581
3450532028
3465664114
3465898280
3483209294
3
141078
3518328764
3533180744
3533584256
3550932888
3
139109
3585874338
3600664066
3600969954
3618469906
0
138431
3653239024
3667915632
3668273494
3685650314
0
136726
3720255916
3734918404
3735040606
3752398814
1
135655
3786775452
3801261228
3801518506
3818858454
2
134563
3853089662
3867472072
3867741110
3885164674
0
133251
3919265116
3933617152
3933747822
3951164638
2
133162
3985139376
3999371462
3999565370
4016886026
1
132461
4050744528
4064885018
4065003914
4082431206
0
132550
4116237160
4130314606
4130536588
4147894100
1
133548
4181796236
4195874052
4196330972
4213679802
1
133814
4248062504
4262664600
4262676733
4280046548
0
134632
19138566
33492818
33685586
51047368
3
135601
85631956
100326530
100338705
117755514
1
136889
152041572
166472278
167124786
184487472
0
137852
219191088
233954946
234062284
251412470
0
139116
286297914
301160310
301390876
318781248
0
140371
353982364
369132040
369157382
386468370
1
140792
421772640
437025186
437037263
454399050
2
142909
489961886
505524734
505576372
522846816
1
143865
558534404
573861606
574188314
591558206
1
144380
627462028
642955970
642968317
660313358
2
144220
696014460
711373678
711747702
729063678
1
144551
764889228
780394186
780656792
797951274
1
144345
833701724
849098190
849489192
866814694
1
144298
902589820
918047094
918168208
935494674
0
144200
971355596
986900922
986937922
1004283070
0
143826
1039959236
1055401332
1055567554
1072904934
4
142929
1108271804
1123402270
1124058894
1141365886
3
142094
1176944940
1192305942
1192318589
1209645230
0
140951
1244736744
1259678762
1260223754
1277611032
1
140224
1312617372
1327543098
1327810736
1345107854
1
139691
1379841126
1394538906
1395198440
1412491334
0
138663
1447294868
1462056542
1462739410
1480057142
0
138387
1514668028
1529323130
1529764894
1547095486
1
137560
1581835530
1596644102
1596656409
1613990962
0
137478
1648466800
1663038618
1663549464
1680862758
2
136320
1715308520
1729902278
1730004274
1747318098
0
137053
1781759424
1796370594
1796817646
1814162038
3
137125
1848665880
1863282034
1863607160
1880949318
1
136548
1915468708
1930187778
1930305430
1947671634
2
137590
1982242720
1996921882
1997247152
2014579634
1
137255
2049345964
2064239590
2064251911
2081561406
0
138122
2116411508
2131343448
2131470064
2148796030
1
137463
2183310440
2197959958
2198171654
2215514966
2
138683
2250495856
2265442246
2265474029
2282810318
1
138894
2317645352
2332460834
2332672260
2349974378
0
139241
2385017416
2399998794
2400011273
2417365998
0
140320
2452318660
2467232282
2467771628
2485186782
2
140255
2520127252
2535049038
2535441424
2552758394
0
141146
2588070324
2603249186
2603406608
2620726142
2
141187
2655949242
2671098408
2671399114
2688780506
2
141136
2723904132
2738971478
2739378968
2756752190
3
142014
2791952744
2807011958
2807546248
2824907754
0
142216
2860109364
2875173370
2876037974
2893348162
2
141914
2928489396
2943507826
2944166596
2961514706
1
142004
2996904226
3012197778
3012210037
3029582626
1
141917
3065053172
3080395282
3080407721
3097686150
2
141231
3133117336
3148366350
3148378837
3165683682
0
140800
3200960292
3216102022
3216114413
3233449022
0
140118
3268313004
3283154006
3283642892
3300957260
1
140798
3336113688
3351167102
3351473164
3368786966
1
139978
3403920892
3419004134
3419016439
3436346766
0
139470
3471338434
3486332794
3486383028
3503686282
0
139688
3538605520
3553478578
3553793802
3571225146
0
139231
3606157368
3621113830
3621407692
3638788926
2
139024
3673851900
3688911202
3688923457
3706242838
0
138431
3740861504
3755560846
3756093220
3773478008
2
138751
3808423766
3823195372
3823207421
3840580364
0
138943
3875165516
1.17647058823529e-09

0
