NEURON -- VERSION 7.2 twophase_multisend (549+:08f55733e693+) 2010-12-15
 '--prefix=/home/hines/neuron/replay' '--with-nrnpython' '--enable-bluegeneP' '--with-paranrn' '--with-multisend=allreplay' '--host=powerpc64-suse-linux' 'BG_BASE=/home/hines/BGP/IBM_V1R4M2/bgp/comm' 'BGlinux=/bgsys/drivers/ppcfloor/gnu-linux' 'CC=/home/hines/BGP/IBM_V1R4M2/bgp/comm/comm/bin/mpixlc' 'CXX=/home/hines/BGP/IBM_V1R4M2/bgp/comm/comm/bin/mpixlcxx' 'host_alias=powerpc64-suse-linux'
/home/hines/perf1/powerpc64/special -mpi -c ncellpow=15 -c done=0 init.hoc -c {xopen("temp.hoc")} -c finish()
methodinfo 80
nhost 16384
MemSize 536870912
UsedMem 78199528
FreeMem 458671384
use2interval = -1
ncellpow = 21
ncon = 1000
nconrange = 100
mininvl = 20
maxinvl = 40
ranoffset_ = 1
connect_random_low_offset_ = 1
run_random_low_offset_ = 2
n_xcell = 0
use2phase = 0
burstfactor = 0.2
burstdur = 50
burstsize = 0
bgpdma = 0
compress_bufsize = 10
series = 1
binqueue = 1
selfqueue = 1
tstop = 200
spkfile = 0
done = 0
setuptime = 0.22
mkmodel_time = 3.54
setup_method_time = 0.45
set_maxstep_time = 0.0700002
stdinit_time = 0.0799999
runtime = 5.55
methodrun_time = 6.1
elapsed_time = 75.22
jobid = 0
seq = 15
@@@end header@@@
1207
1534081246
1534346651
1536866995
0
0
1536869441
1537314514
1537324846
1539478891
0
0
1539480853
1539643085
1539674859
1541820127
0
0
1541821541
1541985338
1542015973
1544166643
0
0
1544168057
1544333482
1544397963
1546538807
0
0
1546540661
1546703150
1546762193
1548905935
0
0
1548907341
1549069638
1549097117
1551238863
0
0
1551240385
1551405394
1551452427
1553599035
0
0
1553600393
1553764906
1553798177
1555949719
0
0
1555951341
1556114030
1556160567
1558311047
0
0
1558312877
1558477658
1558508111
1560650615
0
0
1560652089
1560816450
1560845331
1562981909
0
0
1562983447
1563147822
1563182543
1565323411
0
0
1565325013
1565489276
1565541917
1567680479
0
0
1567682065
1567847734
1567893739
1570037283
0
0
1570038701
1570203398
1570247483
1572391247
0
0
1572392825
1572558422
1572617575
1574764291
0
0
1574765917
1574930338
1574960019
1577104663
0
0
1577106007
1577270990
1577310069
1579458807
0
0
1579460393
1579623554
1579660763
1581798383
0
0
1581799877
1581964992
1581995731
1584136427
0
0
1584137921
1584348758
1584392895
1593144242
6
104811
1610418337
1620299551
1620822097
1629572326
9
104859
1646765829
1656499515
1657103887
1659769988
5
104874
1677020417
1686837403
1687327747
1696071998
5
104758
1713147801
1722754227
1723477257
1726125798
7
104795
1743234609
1752886043
1753592433
1762371730
7
104868
1779471093
1789149927
1789857921
1792532566
5
104810
1809690225
1819417503
1819996249
1828782414
6
105141
1845810049
1855362461
1856376369
1865174402
8
104709
1882128045
1891649077
1892582031
1901383200
7
104841
1918412845
1927961007
1928997485
1937770698
6
105014
1954778051
1964331569
1965281579
1974064082
8
105177
1991170667
2000811313
2001723913
2004389250
5
104839
2021470577
2031107911
2032016823
2040767120
8
104785
2057864123
2067510659
2068322177
2077070922
5
105041
2094122613
2103692091
2104655729
2107333170
8
104931
2124599181
2134431585
2134990453
2137629006
5
104439
2154536069
2163832829
2164904147
2173679038
6
104720
2190779985
2200489025
2201196997
2203865902
6
105146
2221021057
2230752303
2231451665
2234086242
6
104594
2251050893
2260451289
2261486947
2263677872
0
2562
2264984955
2265512299
2265600245
2267783731
1
7773
2270601433
2271579975
2271592134
2273759515
4
13078
2277482375
2278855735
2279056203
2281215919
1
18253
2285784517
2287618583
2287863765
2290034227
2
23402
2295337157
2297621891
2298125091
2300299459
2
28919
2306444759
2309290485
2309588523
2318368782
5
34159
2325269581
2328594187
2329011663
2331658718
3
39468
2339272157
2342999849
2343533187
2352313494
2
44368
2360568683
2364693661
2365281537
2374064966
5
49763
2383180347
2387917687
2388393778
2397238068
2
54966
2407038457
2412154371
2412763807
2421707934
0
60097
2432225147
2437794881
2438448049
2441222423
2
65560
2452470041
2458440067
2459289757
2462035213
0
70963
2474059631
2480585897
2481324481
2484105391
0
76077
2496800907
2503756525
2504541397
2514132790
1
81283
2527660613
2535225643
2536022779
2538893058
2
86418
2553194165
2561267967
2561739687
2571684902
1
91972
2586653173
2595131467
2596576061
2607774186
4
96906
2623442049
2632408345
2632985989
2644227060
7
102083
2660656217
2670176235
2670975767
2673912026
8
102397
2690304293
2699679867
2700547967
2711709058
9
97448
2727391231
2736377835
2736916295
2739798282
9
92655
2754774801
2763246635
2764236241
2774002526
11
88042
2788181085
2796096355
2797642293
2807241018
10
84112
2821064091
2828825707
2830012999
2832800007
12
80138
2846092709
2853507353
2854221815
2863602842
7
76225
2876473557
2883708035
2884027525
2893325066
7
72757
2905598329
2912339871
2912965531
2915689819
7
70017
2927587885
2934028315
2934809843
2937506263
2
67140
2949129005
2955423771
2955937883
2964878054
2
64231
2976008233
2981943419
2982559639
2991447094
3
61720
3002332905
3008145719
3008631091
3011306663
4
59971
3022004501
3027677899
3028073855
3036876498
0
57855
3047263001
3052695091
3053285073
3055978122
1
56142
3066004045
3071143227
3071833685
3074488054
0
54682
3084362161
3089437687
3090095011
3092744574
5
54369
3102572161
3107578257
3108266999
3117052362
1
52894
3126751209
3131756819
3132159191
3134803738
4
52674
3144381277
3149281391
3149909107
3152551922
1
52590
3162239477
3167248947
3167594355
3176367382
2
55337
3186295531
3191408039
3192087355
3194762978
4
59588
3205514853
3211226819
3211476421
3214112972
3
63858
3225249577
3231190599
3231833607
3234493543
3
67571
3246090267
3252123547
3253080458
3261862894
4
70428
3274092925
3280815585
3281064055
3289874668
7
73497
3302370935
3309100803
3309821911
3318662426
2
75803
3331505385
3338535155
3339330079
3342025335
7
77527
3355132989
3362325639
3362969099
3371823120
5
79561
3385155947
3392459147
3393241423
3395934359
8
80635
3409487753
3416965291
3417589889
3420276415
2
81492
3433993309
3441640343
3442128287
3450983354
3
81501
3464756469
3472438807
3472906497
3475604803
4
81260
3489288609
3496901271
3497450197
3506311344
6
81286
3519876767
3527362967
3528195419
3537057818
3
80031
3550460261
3557796187
3558732507
3561404699
4
78874
3574687313
3582001209
3582644613
3585346055
6
77648
3598330761
3605321653
3606329587
3609010161
4
75857
3621887761
3628999537
3629593557
3638417554
10
73471
3650848981
3657488721
3658429949
3667225236
4
71184
3679435301
3686106331
3686759135
3689454905
13
68728
3701221997
3707499753
3708314111
3710969047
3
66449
3722529563
3728707371
3729323791
3738094274
6
65009
3749407941
3755344063
3756145797
3764923862
0
63953
3776222925
3782291919
3782757721
3785398143
4
62566
3796368909
3802147113
3802948639
3811725316
5
62392
3822724555
3828501133
3829138803
3837909918
1
62439
3848888773
3854676007
3855332161
3864172386
3
62045
3875150325
3880965319
3881397021
3884048978
1
62436
3895137647
3900981647
3901506411
3904142306
1
63091
3915194069
3920952469
3921687349
3930535518
0
63860
3941732411
3947659665
3948281443
3950937414
3
64783
3962329181
3968451651
3968980559
3977842668
3
65532
3989348953
3995510811
3995926151
4004789864
4
67416
4016429881
4022555925
4023250509
4032089460
0
68453
4044008525
4050396731
4050871855
4059713258
1
69188
4071598651
4077906311
4078715577
4087601814
3
70366
4099884271
4106616487
4106848509
4115712596
6
71609
4128013345
4134691869
4135276795
4137940697
7
72851
4150449257
4157236143
4157814887
4166682050
5
73612
4179246649
4186054959
4186660225
4195533968
1
74635
4208359667
4215376951
4215826825
4218471647
5
75085
4231352253
4238422867
4238963899
4247807762
3
75811
4260634761
4267561767
4268377131
4271028823
3
74875
4283667621
4290442591
4291473961
5355618
9
75455
18279193
25440107
25742777
34605872
9
74680
47336017
54312029
54868799
63750310
10
73871
76465771
83407739
83827849
92692366
3
73322
105282121
112143469
112603909
115262321
4
72089
127547005
134112851
134933391
143794914
5
71298
156003653
162539881
163307647
165948718
6
70931
178199877
184852241
185419595
188054730
7
70026
200011637
206366071
207303933
216136010
8
69357
228060373
234386929
235193523
237827862
1
68086
249642861
255951319
256626437
265508142
4
67506
277231941
283436617
284118683
292959478
1
66814
304565013
310701613
311356449
314013066
2
66780
325643941
331813949
332517589
335171814
4
66519
346749265
352871067
353612772
356271986
8
66467
367906641
374097871
374734673
377385242
4
66086
388907039
394934909
395729937
404541710
2
66759
416171171
422326757
423005345
431832134
2
66377
443378891
449491759
450222029
459045734
4
67444
470994913
477443687
477638811
480280234
5
67984
492150269
498436387
499058995
507864712
0
68297
519818741
526240055
526622527
535469564
4
68970
547374605
553657825
554573041
557220702
5
69886
569418097
575927533
576405131
579051914
1
69752
591116669
597580973
598328439
600980406
6
71068
613458073
620290039
620588565
623216454
4
71701
635709901
642604539
642932926
645566757
4
71543
657950489
664647079
665239315
667876882
6
72477
680444775
687266763
687789585
696605052
11
72069
708982371
715585647
716311607
718971478
2
71809
731411657
738146615
738845791
747667900
8
72111
760112325
766796859
767334681
776170366
5
71855
788588875
795230121
795804723
798469518
2
71533
810852065
817528149
818103299
820776919
4
71640
833186413
839844007
840434191
849280946
1
71509
861595751
868178091
868833871
877683558
5
70998
889958553
896531227
897124527
899778206
5
70713
912007001
918558255
919331991
921983102
6
70362
934209425
940783251
941376747
944036902
6
69948
956169229
962650213
963273923
972093224
2
69665
984193213
990739043
991307821
993947306
9
69327
1005883821
1012171179
1012981327
1015622038
2
69106
1027695557
1034154007
1034775737
1043595474
4
68997
1055595549
1061977679
1062503943
1071347678
2
68902
1083283071
1089638075
1090258645
1099083746
5
68349
1110952687
1117255143
1117897317
1120571022
3
68746
1132494833
1138862003
1139525469
1142182670
6
68339
1154053797
1160363543
1161077907
1169901316
4
68335
1181809657
1188172511
1188798077
1191449298
3
68877
1203330097
1209612743
1210436695
1219275430
5
68684
1231179621
1237538387
1238155077
1240827374
5
68769
1252754289
1259128891
1259864937
1262534946
8
69499
1274593797
1281038873
1281718201
1290570288
3
69181
1302550057
1308914819
1309599777
1312234376
4
69823
1324224233
1330529157
1331429601
1340272524
2
69764
1352410061
1358904003
1359470093
1368322978
3
70119
1380557185
1387144447
1387606005
1396494250
3
70579
1408817989
1415465803
1415820599
1418473226
4
70761
1430801735
1437476011
1437988821
1440639946
8
71004
1452964273
1459611685
1460198753
1469047478
4
70495
1481256571
1487826567
1488318839
1490993054
7
70512
1503261489
1509834445
1510416878
1513055230
2
71103
1525376295
1532048151
1532649077
1541481666
5
70374
1553738065
1560333347
1560682253
1563333574
3
70797
1575483333
1581951607
1582869875
1591725344
2
70493
1604026527
1610638811
1611037603
1619880402
0
70037
1632010857
1638518051
1639025205
1647867762
4
70456
1660069681
1666647401
1667149259
1669818878
4
70109
1681826673
1688168069
1689222857
1691861562
5
70020
1703993259
1710533107
1711125367
1719975906
6
70233
1732132785
1738685485
1739343053
1742056646
9
69832
1754255531
1760800771
1761373339
1770203588
1
70007
1782465649
1789111951
1789360917
1792003402
4
70000
1804020425
1810390543
1811287259
1820118372
1
69931
1832196989
1838672867
1839287023
1848120716
8
69444
1860115897
1866483987
1867104227
1877144484
9
69308
1889144909
1.17647058823529e-09

0
