NEURON -- VERSION 7.2 twophase_multisend (549+:08f55733e693+) 2010-12-15
 '--prefix=/home/hines/neuron/replay' '--with-nrnpython' '--enable-bluegeneP' '--with-paranrn' '--with-multisend=allreplay' '--host=powerpc64-suse-linux' 'BG_BASE=/home/hines/BGP/IBM_V1R4M2/bgp/comm' 'BGlinux=/bgsys/drivers/ppcfloor/gnu-linux' 'CC=/home/hines/BGP/IBM_V1R4M2/bgp/comm/comm/bin/mpixlc' 'CXX=/home/hines/BGP/IBM_V1R4M2/bgp/comm/comm/bin/mpixlcxx' 'host_alias=powerpc64-suse-linux'
/gpfs/home/hines/perf1/powerpc64/special -mpi -c runs=4 runs.hoc
methodinfo 80
nhost 65536
MemSize 536870912
UsedMem 58957144
FreeMem 477913768
use2interval = -1
ncellpow = 18
ncon = 10000
nconrange = 100
mininvl = 20
maxinvl = 40
ranoffset_ = 1
connect_random_low_offset_ = 1
run_random_low_offset_ = 2
n_xcell = 0
use2phase = 0
burstfactor = 0.2
burstdur = 50
burstsize = 0
bgpdma = 0
compress_bufsize = 10
series = 1
binqueue = 1
selfqueue = 1
tstop = 200
spkfile = 0
done = 0
setuptime = 0.29
mkmodel_time = 1.01
setup_method_time = 0.2
set_maxstep_time = 0.02
stdinit_time = 0.04
runtime = 3.52
methodrun_time = 3.75
elapsed_time = 322.18
jobid = 0
n_dat = 1
seq = 21
@@@end header@@@
1207
700282362
700446295
709606939
0
0
709611265
710077554
710090564
717921191
0
0
717923713
718089293
718250635
726013991
0
0
726016513
726181254
726328536
734124433
0
0
734127685
734291830
734438329
742330843
0
0
742334681
742501118
742557981
750415807
0
0
750419561
750588434
750707639
758490771
0
0
758493809
758658966
758807791
766622325
0
0
766625909
766790930
767042225
774867689
0
0
774871273
775037510
775126357
782937431
0
0
782940317
783105214
783216445
790998359
0
0
791001225
791164682
791332057
799180639
0
0
799184013
799353196
799463121
807279095
0
0
807283221
807449350
807563371
815499779
0
0
815503625
815673254
815749813
823612067
0
0
823616149
823783330
823907883
831804499
0
0
831807973
831977350
832035385
839815483
0
0
839819113
839987140
840144353
847944559
0
0
847947157
848112194
848248077
856045547
0
0
856048845
856216402
856311941
864132661
0
0
864135389
864300382
864477421
872291293
0
0
872294753
872461172
872562869
880393915
0
13027
887365901
890008435
890279805
898301457
1
13101
905566109
908443077
908454968
916443155
0
13196
923556521
926272299
926496235
934502075
0
13035
941540785
944285471
944372769
952336759
1
13134
959516089
962318835
962400721
970402769
1
13137
977514065
980260387
980291051
988359167
0
13157
995469025
998231995
998361503
1006329687
0
13138
1013468181
1016235047
1016336201
1024311187
1
13158
1031502661
1034393435
1034405130
1042408465
0
13224
1049648673
1052481983
1052494238
1060481507
0
13101
1067560821
1070297443
1070413261
1078460167
0
13223
1085607083
1088398051
1088409972
1096394253
0
12918
1103489461
1106236055
1106248248
1114228599
0
13189
1121346055
1124125623
1124227895
1132210139
0
13088
1139314475
1142051495
1142208495
1150276427
0
13072
1157327261
1160051943
1160147301
1168204975
0
13039
1175250833
1177907219
1178043333
1186091043
0
13072
1193214965
1195978567
1196008935
1203979403
0
13111
1211075057
1213815911
1213917885
1221858567
0
13024
1228934821
1231650211
1231859895
1239802775
0
300
1241054899
1241295746
1241308608
1249263031
0
964
1250913265
1251213130
1251225640
1259176695
0
1627
1261267881
1261747243
1261759482
1269725399
0
2296
1272178037
1272750199
1272762354
1280636783
0
2951
1283408185
1284103027
1284115462
1292067811
0
3548
1295158691
1296004399
1296016292
1304023427
0
4259
1307452525
1308427983
1308439922
1316450061
0
4935
1320167853
1321247695
1321259922
1329145123
0
5584
1333130177
1334336187
1334348896
1342308523
0
6290
1346632495
1348013367
1348025728
1355904247
0
6790
1360441523
1361921539
1361933644
1369958857
0
7624
1374841225
1376515243
1376527362
1384490391
0
8261
1389636669
1391428867
1391440884
1399383775
0
8898
1404747465
1406705959
1406718254
1414763839
0
9543
1420350601
1422372219
1422465415
1430449643
0
10117
1436349875
1438557995
1438570402
1446575041
0
10925
1452678873
1454986663
1455023643
1463014787
0
11387
1469273751
1471629607
1471795617
1479833259
0
12115
1486326815
1488867619
1488898855
1496908455
1
12856
1503701021
1506449531
1506533049
1514506207
1
12841
1521236767
1523888603
1524109163
1532190415
1
12070
1538728985
1541322463
1541334568
1549213691
0
11615
1555539673
1557947991
1558170429
1566065963
0
10975
1572154265
1574444119
1574556701
1582516175
1
10499
1588427013
1590609331
1590756427
1598713403
0
10002
1604485221
1606602075
1606691181
1614796163
0
9583
1620487453
1622572991
1622585058
1630680671
0
9182
1636196261
1638206227
1638218646
1646196715
0
8679
1651507493
1653410715
1653422996
1661338755
0
8357
1666520665
1668323919
1668339360
1676412675
0
7978
1681443963
1683132795
1683193919
1691260871
0
7679
1696219631
1697901515
1697914078
1705971517
0
7357
1710807339
1712411783
1712424066
1720512523
0
7199
1725381261
1727021123
1727033198
1735004659
0
7011
1739834273
1741454251
1741466500
1749482493
0
7028
1754236599
1755775351
1755787768
1763794251
0
6708
1768487873
1769975795
1769987994
1777946995
0
6813
1782666477
1784155003
1784167262
1792132263
0
6628
1796774169
1798232255
1798244364
1806241027
0
6618
1810934057
1812440451
1812452940
1820377681
0
6825
1825105805
1826601563
1826613888
1834539927
0
7495
1839561077
1841167991
1841192203
1849144959
0
8010
1854344923
1856031987
1856074619
1864101809
0
8453
1869551735
1871433771
1871445828
1879416051
1
8735
1884953461
1886835275
1886858459
1894788179
0
9201
1900482399
1902425155
1902440478
1910391067
0
9585
1916220879
1918223659
1918384901
1926361079
0
9704
1932280173
1934346931
1934423099
1942351369
0
9909
1948343669
1950441751
1950530857
1958516059
0
10123
1964649285
1966835823
1966847932
1974928231
2
10089
1981017219
1983199275
1983213634
1991240617
0
10098
1997239481
1999315967
1999479707
2007486693
1
10221
2013614285
2015771475
2015852679
2023959663
0
10060
2029997063
2032150575
2032162942
2040207579
0
9961
2046272379
2048446199
2048458428
2056541159
0
9767
2062474173
2064552803
2064564866
2072681763
0
9490
2078583521
2080693395
2080705824
2088722759
0
9508
2094563219
2096596063
2096608632
2104564563
0
9125
2110197613
2112096535
2112222327
2120250613
0
8914
2125826925
2127718679
2127730698
2135657747
0
8688
2141217957
2143152343
2143164790
2151254987
0
8255
2156551247
2158322667
2158335076
2166416927
0
7983
2171697821
2173491903
2173504236
2181461079
0
8085
2186717449
2188463283
2188490317
2196466639
0
7980
2201664697
2203396883
2203409004
2211458763
0
7841
2216577407
2218219191
2218232998
2226295367
0
7812
2231458447
2233175199
2233187488
2241176303
0
7791
2246255361
2247885703
2248024637
2256042347
0
7637
2261090365
2262708659
2262764847
2270755967
0
8062
2275976269
2277718363
2277730514
2285776971
1
8092
2291040625
2292778595
2292790776
2300719491
0
8209
2306061149
2307865335
2307877408
2315851185
0
8207
2321209779
2323011795
2323024084
2331036803
0
8295
2336364417
2338141215
2338190441
2346193943
0
8558
2351661627
2353527827
2353540228
2361523531
0
8806
2367110389
2369050163
2369062204
2377142167
2
8875
2382677613
2384524371
2384644477
2392611385
0
8980
2398179427
2400072755
2400176181
2408162625
1
9112
2413863397
2415780467
2415863610
2423985607
0
9156
2429697197
2431676867
2431688886
2439606087
0
9044
2445301473
2447279759
2447292344
2455257331
0
9391
2461074583
2463081059
2463093390
2471046887
0
9416
2476801845
2478764491
2478858711
2486891003
0
9501
2492803629
2494893279
2494905554
2502806665
0
9308
2508605319
2510634915
2510647094
2518562949
0
9384
2524315597
2526297915
2526359815
2534351687
0
9083
2540051929
2542010651
2542023024
2549972371
0
9259
2555722547
2557731299
2557743484
2565728667
0
9111
2571418581
2573365979
2573384252
2581365213
0
8916
2586945725
2588843055
2588885051
2596894919
0
8577
2602375565
2604259295
2604271272
2612231719
0
8736
2617782827
2619701995
2619714082
2627737243
1
8644
2633185829
2635022599
2635058947
2642968107
0
8459
2648359237
2650158267
2650188251
2658217711
0
8342
2663611601
2665436507
2665448626
2673338301
0
8510
2678770067
2680615851
2680628128
2688656327
0
8304
2693995229
2695776491
2695788584
2703777675
0
8314
2709090899
2710843519
2710928389
2718923899
0
8291
2724264333
2726032047
2726055219
2734111795
0
8398
2739450053
2741230095
2741282287
2749383027
0
8299
2754745225
2756577611
2756589698
2764595983
0
8312
2769879333
2771630855
2771697107
2779677015
0
8473
2785083427
2786939915
2786952016
2794987747
2
8568
2800469703
2802350711
2802363420
2810390545
0
8644
2815884829
2817752607
2817765070
2825838159
0
8801
2831452061
2833408475
2833420476
2841445715
0
8627
2846944265
2848814419
2848827140
2856856135
0
8744
2862344835
2864218839
2864231194
2872306311
0
8737
2877846553
2879755375
2879767784
2887858851
0
8957
2893422021
2895353919
2895394899
2903346695
0
8773
2908826729
2910668051
2910827671
2918760535
0
8989
2924362113
2926277267
2926289364
2934316971
0
8982
2939929029
2941875775
2941888002
2949892919
0
9114
2955460605
2957342623
2957544997
2965554895
2
9019
2971197531
2973144059
2973161800
2981145531
0
9065
2986774621
2988709763
2988739917
2996858931
0
9034
3002530475
3004493139
3004505368
3012514663
0
9024
3018159341
3020105407
3020117454
3028140419
0
8866
3033647399
3035519667
3035547431
3043551695
0
8801
3049134503
3051075455
3051087582
3059127215
0
8952
3064684109
3066571159
3066655517
3074668687
0
8813
3080173373
3082023419
3082055459
3090073575
0
8695
3095575725
3097460423
3097472428
3105449459
0
8753
3110929413
3112800163
3112849681
3120906279
0
8599
3126416349
3128313299
3128325008
3136242379
0
8512
3141727305
3143634963
3143647118
3151676775
0
8636
3157159471
3159034987
3159047072
3167106383
0
8585
3172491531
3174295663
3174406237
3182381031
0
8456
3187787889
3189636403
3189648380
3197655823
0
8583
3203081219
3204909559
3204943775
3212883859
0
8555
3218366985
3220270443
3220282394
3228235933
1
8670
3233718303
3235592163
3235604480
3243604615
0
8637
3248998067
3250796591
3250869719
3258834463
0
8665
3264330611
3266199539
3266211856
3274240683
0
8552
3279679737
3281542619
3281554736
3289522053
0
8493
3294851309
3296599671
3296755179
3304700099
1
8568
3310167755
3312055839
3312068076
3319981165
0
8656
3325382763
3327203187
3327291461
3335319343
0
8806
3340847265
3342749839
3342761640
3350779635
0
8844
3356347245
3358292787
3358304820
3366299611
1
8849
3371842173
3373735251
3373747508
3381776023
0
8879
3387361985
3389264727
3389277244
3397273999
0
8905
3402857147
3404796407
3404808300
3412849315
0
8739
3418373339
3420304967
3420316962
3428261843
1
8819
3433798141
3435703087
3435715108
3443689667
0
8947
3449232443
3451129223
3451159365
3459224129
0
8930
3464787653
3466699649
3466711472
3474639231
0
8841
3480153861
3482025851
3482084343
3490105187
0
8886
3495622079
3497502679
3497573273
3505544823
0
8804
3511109905
3513054311
3513066486
3521022743
0
8802
3526429701
3528222287
3528416205
3536491291
0
8802
3541991067
3543862635
3543932825
3551887301
1
8756
3557353667
3559214759
3559344243
3567387853
0
8665
3572870221
3574725051
3574737324
3582752763
0
8848
3588357037
3590322727
3590334476
3598374423
0
8674
3603928117
3605891203
3605903064
3613964675
0
8809
3619463445
3621323003
3621360671
3629438547
0
8734
3634979417
3636914883
3636926768
3644858971
0
8663
3650299873
3652113057
3652143903
3660134483
0
8735
3665630331
1.17647058823529e-09

0
