NEURON -- VERSION 7.2 twophase_multisend (549:08f55733e693) 2010-12-15
 '--prefix=/home/hines/neuron/replay' '--with-nrnpython' '--enable-bluegeneP' '--with-paranrn' '--with-multisend=allreplay' '--host=powerpc64-suse-linux' 'BG_BASE=/home/hines/BGP/IBM_V1R4M2/bgp/comm' 'BGlinux=/bgsys/drivers/ppcfloor/gnu-linux' 'CC=/home/hines/BGP/IBM_V1R4M2/bgp/comm/comm/bin/mpixlc' 'CXX=/home/hines/BGP/IBM_V1R4M2/bgp/comm/comm/bin/mpixlcxx' 'host_alias=powerpc64-suse-linux'
/home/hines/perf1/powerpc64/special -mpi -c ncellpow=15 -c done=0 init.hoc -c {xopen("temp.hoc")} -c finish()
methodinfo 80
nhost 16384
MemSize 536870912
UsedMem 217263864
FreeMem 319607048
use2interval = -1
ncellpow = 22
ncon = 1000
nconrange = 100
mininvl = 20
maxinvl = 40
ranoffset_ = 1
connect_random_low_offset_ = 1
run_random_low_offset_ = 2
n_xcell = 0
use2phase = 0
burstfactor = 0.2
burstdur = 50
burstsize = 0
bgpdma = 0
compress_bufsize = 50
series = 1
binqueue = 1
selfqueue = 1
tstop = 200
spkfile = 0
done = 0
setuptime = 1.11
mkmodel_time = 7.51
setup_method_time = 0.91
set_maxstep_time = 0.13
stdinit_time = 0.17
runtime = 10.15
methodrun_time = 11.24
elapsed_time = 104.97
jobid = 0
seq = 3
@@@end header@@@
1207
2508927278
2509432263
2517992227
0
0
2517995509
2518446110
2518494350
2526066869
0
0
2526069593
2526296093
2526447377
2533982023
0
0
2533984173
2534191538
2534387879
2542081961
0
0
2542084689
2542306486
2542531299
2550239621
0
0
2550243249
2550467634
2550656117
2558187799
0
0
2558190377
2558404794
2558607085
2566278163
0
0
2566280781
2566509922
2566679073
2574211787
0
0
2574213817
2574422358
2574676083
2582290967
0
0
2582294637
2582532352
2582695731
2590331543
0
0
2590334693
2590557046
2590736039
2598280155
0
0
2598282381
2598498194
2598712067
2606342495
0
0
2606345281
2606557818
2606772159
2614349615
0
0
2614352501
2614575208
2614736363
2622296491
0
0
2622299913
2622518090
2622713347
2630283355
0
0
2630286565
2630518674
2630676789
2638233795
0
0
2638235901
2638445546
2638684649
2646219043
0
0
2646222325
2646450010
2646628899
2654176855
0
0
2654179193
2654387106
2654654975
2662290535
0
0
2662293177
2662500686
2662727347
2670295777
0
0
2670298633
2670519966
2670674167
2678261789
0
0
2678265329
2678561178
2678737157
2686307227
10
209677
2719415457
2739581555
2740406139
2748063227
11
209562
2781077033
2801175839
2802150953
2809764195
17
209806
2842892481
2863148087
2863803731
2871407035
13
209645
2904373617
2924413835
2925592097
2933274919
12
209692
2966274611
2986363799
2987359831
2994912763
13
209957
3027816577
3047772247
3049036251
3056666217
12
209580
3089944073
3110385159
3110829111
3118425031
14
209654
3151467107
3171586095
3172475413
3180063149
13
210042
3212970949
3232931547
3234473661
3242120995
11
209409
3275562101
3296171775
3296183322
3303834771
13
209730
3336911401
3357060419
3358134067
3365737959
15
209957
3398751793
3418735587
3419915978
3427530289
12
209498
3460354861
3480195687
3481575231
3489182683
14
209804
3522421681
3542753415
3543301019
3550844087
11
209736
3583709917
3603658095
3604973145
3612492735
12
209532
3645441393
3665466367
3666651743
3674205931
11
209749
3707140729
3726929559
3727988423
3735599603
15
209833
3768456427
3788364281
3789847605
3797476419
13
209570
3830443847
3850497241
3851562871
3859065553
14
209871
3891982125
3911751067
3913115361
3920669207
0
5277
3923590265
3924530199
3924731583
3932406715
3
15753
3937814529
3939561443
3939737009
3947382803
0
26204
3954388663
3957142383
3957423545
3965034299
3
36990
3973662465
3977430971
3977749559
3985344605
3
47175
3995476891
4000203351
4000684713
4008315735
1
57449
4019909665
4025541343
4026112869
4033732005
1
68508
4046975341
4053709575
4054355013
4061957711
2
78403
4076561687
4084184419
4084871457
4092460731
0
89242
4108658347
4117347979
4118133839
4125757947
5
99863
4143458105
4153162679
4153895641
4161505003
6
109807
4180829501
4191624635
4192017875
4199645841
5
120942
4220623327
4232561695
4232913106
4240548193
10
130841
4262719727
4275424803
4276053477
4283663347
13
141602
12407163
26171355
26919387
34535213
12
152261
59622121
74169385
75270463
82852899
12
162225
109284797
124734585
125980099
133480135
22
173090
161738957
178523563
179042671
186608955
19
183633
216243999
233938575
234673991
242202451
10
194030
273292117
292017787
293033631
300695951
27
204516
333283009
352917763
353804725
361413969
11
204275
393934041
413587951
414432945
422001747
18
194840
453203501
471951227
472829651
480426533
4
185004
510384773
528383359
529011067
536602435
14
176038
564988157
581694351
583227991
590753711
5
168086
618066545
634070765
635321931
642867395
3
160041
669137293
684517015
685491137
693172019
6
152560
718221501
732731355
734066327
741656371
2
145798
765914529
779930215
780806982
788398481
5
139521
811660457
824937941
826064921
833661269
1
133667
856365521
869419275
870047967
877642143
6
128585
899364823
911667003
912748891
920315187
7
123861
941423725
953312751
954161523
961736623
6
119533
982245829
993809019
994556383
1002070275
7
115937
1021982269
1033109217
1034049199
1041682531
9
113116
1061240117
1072106199
1072991227
1080553095
4
110528
1100004233
1110936343
1111223951
1118853817
10
108224
1137824277
1148423179
1149007303
1156609435
6
106379
1175303253
1185628919
1186309819
1193900079
9
105453
1212332305
1222481515
1223396101
1231036615
5
104726
1249525547
1259802863
1260453053
1268049823
8
109743
1287067389
1297679615
1298512479
1306151285
13
119675
1326939689
1338786023
1339098361
1346688619
8
127618
1368422339
1380862499
1381507697
1389117499
9
135689
1411939537
1425096839
1425751193
1433425087
15
141090
1457120593
1470915651
1471465099
1479063659
11
147084
1503494493
1517597303
1518454859
1526052345
3
152260
1551295981
1566063595
1566710695
1574309185
9
155566
1600235897
1615583975
1615859447
1623512711
14
158836
1649497155
1664745347
1665814625
1673324711
11
161084
1699638917
1715029187
1716104319
1723702495
10
162103
1750088651
1765491067
1766779443
1774291175
8
162940
1800961517
1816649251
1817533417
1825162491
14
162094
1851626553
1867170079
1868222827
1875815271
6
161611
1902128745
1917486271
1918641613
1926198147
10
160469
1952521885
1967982071
1968847799
1976459095
8
157686
2002532753
2017867751
2018387751
2025912231
12
154783
2051530573
2066557827
2067308575
2074970465
7
151059
2099890469
2114331923
2115501181
2123117495
5
146736
2147398763
2161417067
2162420999
2170003659
8
141988
2193630029
2207286563
2208248975
2215898139
11
137586
2238914647
2252072639
2253203907
2260778467
4
132981
2283257573
2296183747
2296790403
2304413451
7
129709
2326321537
2338818311
2339773031
2347343993
3
127778
2368954501
2381224013
2382204617
2389761203
6
125733
2411133763
2423312311
2424146157
2431737413
11
124438
2452986219
2465108095
2465689599
2473213103
10
124523
2494436937
2506564027
2507220336
2514796843
7
124991
2536029649
2548017223
2549028217
2556617007
8
125368
2577811153
2589796753
2590857347
2598605347
10
126283
2620167977
2632483639
2633105385
2640693523
8
128169
2662537361
2675053331
2675522263
2683084719
14
129738
2705072977
2717644663
2718336829
2726007735
6
132517
2748280573
2761065327
2761971341
2769595399
6
134875
2792237609
2805269275
2806095967
2813711547
13
136671
2836586697
2849760295
2850711079
2858291253
8
138318
2881518853
2894863151
2895557135
2903116955
7
140793
2926572381
2940117047
2941097569
2948620681
5
142769
2972348739
2986098071
2986959359
2994648677
11
145551
3018888725
3033044899
3033634825
3041164791
15
147746
3065664717
3079953463
3080915831
3088590119
16
149537
3113460893
3127940075
3128495057
3136107935
9
149997
3161030825
3175599315
3176209177
3183820375
5
151548
3208829721
3223374387
3224237891
3231859179
4
150006
3256811353
3271423871
3271963693
3279669533
7
149777
3304373165
3318711455
3319705651
3327337163
10
148903
3352037509
3366404243
3367218403
3374797047
6
147692
3399154795
3413232741
3414302603
3421914503
11
146646
3446240217
3460342523
3461312677
3468833669
10
144511
3493074477
3507281419
3507583719
3515107903
3
142581
3538708093
3552300127
3553451871
3561034263
15
141078
3584525611
3598081883
3598956635
3606470791
8
139109
3629760393
3643181163
3643955789
3651586347
9
138431
3674662013
3687808315
3688973833
3696489423
6
136726
3719579193
3732998239
3733542619
3741292503
10
135655
3764177333
3777371407
3778024205
3785640239
8
134563
3808369697
3821347503
3822022881
3829533859
4
133251
3851913329
3864653951
3865743715
3873282979
10
133162
3895614069
3908253749
3909469599
3917020159
7
132461
3939396189
3952158699
3953113659
3960685177
4
132550
3983203245
3996181703
3996655135
4004271163
12
133548
4026861157
4039813487
4040516537
4048201787
12
133814
4070916065
4083957851
4084545053
4092131011
8
134632
4114803713
4127738999
4128664857
4136262775
10
135601
4159209781
4172341995
4173060887
4180797559
7
136889
4203851245
4217049339
4217806225
4225422741
11
137852
4248601077
4261894399
4262653285
4270207539
8
139116
4293596659
12081295
12799591
20420827
6
140371
43939037
57430675
58423609
65936375
7
140792
89542625
103103035
104172211
111706803
9
142909
135611451
149567875
150405311
158078283
9
143865
182211273
196207867
196913819
204509771
10
144380
228426533
242099383
243430795
251130483
9
144220
275232621
289120331
289971091
297591939
9
144551
321744611
335719451
336652557
344297319
10
144345
368431603
382348283
383209855
390774075
7
144298
414967957
429069623
429680131
437329755
15
144200
461192825
474825351
476204581
483716007
6
143826
508001509
522171755
522486815
530124437
11
142929
554118591
568030139
568556283
576119335
11
142094
599943373
613719559
614406537
622020015
8
140951
645545041
658982895
660164893
667675395
8
140224
691177601
704750063
705469699
713136163
10
139691
736718613
750331127
750785602
758377575
7
138663
781743017
795206963
795823851
803462947
5
138387
826539137
839678683
840890737
848503691
6
137560
871681681
885050155
885753229
893305959
6
137478
916368421
929588491
930431151
938117551
8
136320
961075073
974282415
975066457
982646635
7
137053
1005593629
1018680163
1019738119
1027351755
8
137125
1050338345
1063512539
1064501541
1072103683
9
136548
1095101857
1108268063
1109102293
1116649527
5
137590
1139662783
1152823795
1153866669
1161432095
13
137255
1184538997
1197781773
1198605281
1206348995
6
138122
1229601921
1243012467
1243777231
1251316383
11
137463
1274380217
1287643651
1288460581
1296060955
8
138683
1319378873
1332768687
1333549487
1341212495
5
138894
1364482729
1377854359
1378703879
1386384771
11
139241
1409649985
1422986755
1424139769
1431745527
10
140320
1455235013
1468705699
1469631655
1477275905
4
140255
1500851415
1514446083
1515065087
1522648135
7
141146
1546296457
1559937263
1560729771
1568363831
10
141187
1591928729
1605460753
1606382078
1614091927
14
141136
1637858465
1651623839
1652172497
1659776631
8
142014
1683515221
1697222123
1698012231
1705610747
11
142216
1729195381
1742673011
1743960373
1751551069
9
141914
1775578501
1789586947
1789753711
1797299061
10
142004
1820903789
1834438963
1835560767
1843073661
10
141917
1866801823
1880489443
1881422855
1889094931
7
141231
1912783021
1926443183
1927282031
1934991227
6
140800
1958783503
1972623527
1973104849
1980752047
7
140118
2004000945
2017257141
2018558795
2026255243
11
140798
2049959857
2063675783
2064263327
2071823247
10
139978
2095433953
2109129059
2109527819
2117150107
11
139470
2140599127
2154118535
2154856323
2162476187
7
139688
2185834417
2199207019
2200192667
2207810697
10
139231
2231276893
2244856369
2245597443
2253189773
5
139024
2276506665
2289910559
2290714175
2298268703
6
138431
2321402381
2334669699
2335640537
2343226667
10
138751
2366458377
2379665051
2380520624
2387998609
7
138943
2411270505
1.17647058823529e-09

0
