NEURON -- VERSION 7.2 twophase_multisend (549+:08f55733e693+) 2010-12-15
 '--prefix=/home/hines/neuron/replay' '--with-nrnpython' '--enable-bluegeneP' '--with-paranrn' '--with-multisend=allreplay' '--host=powerpc64-suse-linux' 'BG_BASE=/home/hines/BGP/IBM_V1R4M2/bgp/comm' 'BGlinux=/bgsys/drivers/ppcfloor/gnu-linux' 'CC=/home/hines/BGP/IBM_V1R4M2/bgp/comm/comm/bin/mpixlc' 'CXX=/home/hines/BGP/IBM_V1R4M2/bgp/comm/comm/bin/mpixlcxx' 'host_alias=powerpc64-suse-linux'
/home/hines/perf1/powerpc64/special -mpi -c runs=4 runs.hoc
methodinfo 80
nhost 32768
MemSize 536870912
UsedMem 63828216
FreeMem 473042696
use2interval = -1
ncellpow = 18
ncon = 10000
nconrange = 100
mininvl = 20
maxinvl = 40
ranoffset_ = 1
connect_random_low_offset_ = 1
run_random_low_offset_ = 2
n_xcell = 0
use2phase = 0
burstfactor = 0.2
burstdur = 50
burstsize = 0
bgpdma = 0
compress_bufsize = 10
series = 1
binqueue = 1
selfqueue = 1
tstop = 200
spkfile = 0
done = 0
setuptime = 0.54
mkmodel_time = 2.06
setup_method_time = 0.17
set_maxstep_time = 0.04
stdinit_time = 0.0599999
runtime = 3.18
methodrun_time = 3.4
elapsed_time = 162.76
jobid = 0
seq = 21
@@@end header@@@
1207
247027642
247334613
252479607
0
0
252484681
252890222
252901796
257172739
0
0
257175315
257340634
257391431
261654359
0
0
261655775
261817054
261902454
266151975
0
0
266153381
266316086
266380741
270617681
0
0
270619435
270781802
270835447
275073193
0
0
275074527
275237930
275330577
279566987
0
0
279568695
279728586
279811631
284062081
0
0
284063447
284224730
284343801
288596077
0
0
288597435
288761078
288805425
293057823
0
0
293059851
293221908
293273063
297537149
0
0
297538519
297699646
297739015
301983597
0
0
301985235
302147446
302179421
306421597
0
0
306423539
306586998
306642849
310905237
0
0
310906711
311069230
311120029
315359389
0
0
315361323
315524580
315611993
319868801
0
0
319870515
320032230
320179193
324400063
0
0
324401737
324564822
324608333
328840845
0
0
328842433
329005494
329043973
333283225
0
0
333284735
333444938
333538337
337771499
0
0
337773009
337935266
338022545
342263489
0
0
342265053
342447078
342479269
346711065
1
13027
354573825
359718883
360747557
364976661
1
13101
373283107
378733447
378959783
383198977
0
13196
391121517
396522811
397239977
401447131
1
13035
409346537
414666847
415416367
419617213
1
13134
427647253
433171999
433632973
437856367
1
13137
445873239
451257851
451875903
456083949
0
13157
464102167
469555079
470104273
474317733
0
13138
482308225
487692099
488332107
492540035
1
13158
500574137
506150827
506566203
510796381
0
13224
518879437
524345195
524860277
529067689
0
13101
536986987
542363825
543057663
547253109
0
13223
555248267
560664811
561303451
565527819
0
12918
573405927
578757667
579445753
583664493
0
13189
591664187
597068695
597681837
601909501
0
13088
609838827
615233967
615881287
620102473
0
13072
628033047
633357433
634055141
638263077
0
13039
646113057
651360843
652124107
656331809
1
13072
664269349
669642161
670175013
674397931
0
13111
682266803
687573005
688210245
692437337
1
13024
700352347
705669611
706191129
710419441
0
300
711167065
711513066
711525162
715800835
0
964
717018061
717519331
717611199
721877557
0
1627
723602925
724421207
724440604
728679503
0
2296
730888881
731948615
732007255
736278803
0
2951
738918703
740271607
740322253
744545877
0
3548
747516281
749137727
749182601
753408545
0
4259
756717853
758483069
758763479
762986171
0
4935
766689625
768803315
769011513
773227061
0
5584
777264033
779579079
779892657
784128441
0
6290
788599401
791272379
791491511
795712353
0
6790
800360019
803172751
803543151
807749415
0
7624
812891577
816078255
816367893
820571493
0
8261
826048241
829526603
829855027
834089611
0
8898
839901409
843637207
843918245
848184269
0
9543
854302881
858297707
858633725
862863443
0
10117
869342461
873598355
873754911
877981397
0
10925
884777301
889307119
889658651
893860813
1
11387
900781629
905389787
905906531
910128397
0
12115
917428537
922386487
922876907
927079271
1
12856
934801955
940172159
940431833
944638801
2
12841
952344753
957719371
958018875
962222121
1
12070
969539489
974549639
974940839
979162577
0
11615
986257221
991059247
991486425
995699945
0
10975
1002485939
1007011931
1007394853
1011612213
1
10499
1018153321
1022461855
1023000173
1027213745
0
10002
1033488893
1037611167
1038027169
1042240087
0
9583
1048377595
1052350979
1052661767
1056883743
0
9182
1062772115
1066591593
1066950037
1071181059
0
8679
1076871337
1080530119
1080817885
1085025011
0
8357
1090552913
1094024625
1094324881
1098561805
0
7978
1103867645
1107144179
1107541702
1111753311
0
7679
1116977765
1120193703
1120623361
1124840841
0
7357
1129894841
1132970595
1133273845
1137499719
0
7199
1142549105
1145635943
1145824915
1150038709
0
7011
1155070273
1158145871
1158172003
1162375945
2
7028
1167403303
1170480259
1170518879
1174721561
0
6708
1179519353
1182328223
1182644497
1186879983
0
6813
1191697725
1194542103
1194882347
1199106813
0
6628
1203831253
1206599727
1206902463
1211112417
0
6618
1215914453
1218775835
1218928771
1223173205
0
6825
1228083229
1231007611
1231146823
1235365975
1
7495
1240572883
1243691239
1244062851
1248296585
0
8010
1253751149
1257055253
1257405991
1261627383
0
8453
1267368929
1270935375
1271192951
1275423853
1
8735
1281315237
1284988339
1285302363
1289505583
0
9201
1295604655
1299393235
1299768559
1304008841
0
9585
1310234959
1314157891
1314581891
1318821109
0
9704
1325151957
1329144311
1329523593
1333783841
1
9909
1340295125
1344470199
1344743497
1348939949
0
10123
1355572953
1359832559
1360048111
1364261447
2
10089
1370848165
1375087975
1375318783
1379537421
0
10098
1385979201
1390079151
1390676507
1394888835
1
10221
1401455949
1405610503
1406068563
1410299549
0
10060
1416844061
1421061835
1421395303
1425606961
0
9961
1432118179
1436282899
1436561801
1440782507
0
9767
1447161889
1451260987
1451596225
1455801567
0
9490
1462175679
1466272735
1466327569
1470548005
0
9508
1476750131
1480678175
1481087313
1485309277
0
9125
1491327269
1495058439
1495445517
1499665489
0
8914
1505523493
1509170807
1509735679
1513956135
0
8688
1519890309
1523600267
1523703931
1527919683
0
8255
1533510685
1536980659
1537288961
1541504261
0
7983
1547052281
1550477511
1550614199
1554839587
0
8085
1560330649
1563675747
1564020441
1568240287
0
7980
1573648245
1576953229
1577356891
1581583221
0
7841
1586932473
1590166691
1590516523
1594741139
0
7812
1600111565
1603416383
1603716365
1607943965
1
7791
1613267569
1616512029
1616819251
1621044765
0
7637
1626297809
1629483899
1629807853
1634024345
0
8062
1639437275
1642758967
1643235059
1647446273
2
8092
1652994705
1656435255
1656675635
1660893901
0
8209
1666498483
1669946335
1670228853
1674460907
0
8207
1680156653
1683678075
1683783771
1688002611
0
8295
1693607359
1697052673
1697404747
1701635281
0
8558
1707367687
1710905441
1711354867
1715545105
0
8806
1721465359
1725215283
1725439527
1729662035
2
8875
1735480633
1739101169
1739593123
1743813681
1
8980
1749694805
1753390117
1753818155
1758040091
1
9112
1764010789
1767727279
1768192833
1772417493
0
9156
1778543829
1782432799
1782658397
1786870001
0
9044
1792879391
1796674339
1796925727
1801140307
0
9391
1807254905
1811144239
1811494207
1815707593
0
9416
1821815513
1825649799
1826146673
1830364869
0
9501
1836626593
1840636799
1840851085
1845082651
1
9308
1851317213
1855282475
1855403333
1859611541
0
9384
1865739511
1869586291
1870032035
1874259749
0
9083
1880284675
1884074543
1884399923
1888657981
0
9259
1894804821
1898716975
1898919133
1903118491
0
9111
1909114417
1912871259
1913261869
1917493601
0
8916
1923400799
1927081681
1927485943
1931711061
0
8577
1937414181
1940985259
1941369545
1945613971
0
8736
1951516857
1955268327
1955393866
1959607013
1
8644
1965415017
1969059623
1969308267
1973512399
0
8459
1979256417
1982811163
1983073323
1987295101
0
8342
1992919193
1996392183
1996723405
2000938807
0
8510
2006736501
2010380543
2010586637
2014804501
0
8304
2020361177
2023770043
2024211707
2028445589
0
8314
2034045405
2037477795
2037868851
2042070083
0
8291
2047731839
2051228307
2051526629
2055750709
0
8398
2061373417
2064808275
2065270473
2069500307
0
8299
2075134009
2078618983
2078900927
2083135209
0
8312
2088712197
2092124767
2092545257
2096759325
0
8473
2102509293
2106145979
2106327387
2110554279
3
8568
2116392011
2120079627
2120252093
2124470787
0
8644
2130331665
2134020459
2134230767
2138459093
1
8801
2144373765
2148085691
2148414845
2152623193
1
8627
2158465113
2162095599
2162363519
2166625551
0
8744
2172458517
2176066879
2176461231
2180700215
0
8737
2186536745
2190160647
2190495855
2194724201
0
8957
2200645947
2204381743
2204743095
2208968667
0
8773
2214895089
2218602323
2218827889
2223089069
0
8989
2229026237
2232722955
2233077655
2237295845
0
8982
2243266173
2246971687
2247359119
2251578713
0
9114
2257530805
2261268607
2261791295
2266009589
3
9019
2271977797
2275726483
2276065627
2280269523
0
9065
2286304595
2290137303
2290417241
2294631597
0
9034
2300676711
2304498993
2304685663
2308905055
0
9024
2314895757
2318641403
2318985799
2323219959
0
8866
2329025611
2332630085
2333169267
2337372715
0
8801
2343269797
2346974587
2347188863
2351391731
0
8952
2357297723
2360951315
2361365729
2365573479
0
8813
2371465293
2375157643
2375432605
2379662875
0
8695
2385493449
2389171987
2389485043
2393702369
0
8753
2399538301
2403178107
2403531551
2407753859
0
8599
2413628727
2417344543
2417440041
2421682267
0
8512
2427529349
2431251023
2431274453
2435467395
0
8636
2441238417
2444844295
2445216071
2449409919
0
8585
2455188455
2458809215
2459095051
2463302621
0
8456
2468964971
2472512491
2472775553
2476986891
0
8583
2482686793
2486241591
2486622409
2490852005
0
8555
2496628589
2500257095
2500530509
2504746935
1
8670
2510525865
2514136243
2514445713
2518654927
0
8637
2524334377
2527853039
2528319947
2532547629
0
8665
2538264139
2541801843
2542297883
2546541891
0
8552
2552276187
2555868823
2556126853
2560329981
0
8493
2565902117
2569314587
2569874059
2574087379
2
8568
2579812683
2583387003
2583741767
2587972555
0
8656
2593716645
2597267035
2597674835
2601904869
0
8806
2607769927
2611442859
2611805345
2616007783
0
8844
2621972297
2625796571
2625917597
2630151919
1
8849
2636040561
2639731327
2640007581
2644227155
1
8879
2650107323
2653793975
2654140271
2658354091
0
8905
2664298543
2668075755
2668272138
2672483411
0
8739
2678357407
2682107727
2682276851
2686509509
2
8819
2692380391
2696112691
2696347767
2700553191
1
8947
2706432429
2710130059
2710501155
2714728739
0
8930
2720634651
2724350011
2724757815
2728977107
0
8841
2734813795
2738468187
2738848723
2743068421
0
8886
2748925965
2752566931
2753021265
2757235027
0
8804
2763168585
2766923827
2767040585
2771257105
0
8802
2777041699
2780612587
2781091195
2785274159
0
8802
2791145897
2794814133
2795129113
2799370423
1
8756
2805141873
2808723139
2809152342
2813357777
0
8665
2819142025
2822783795
2823051177
2827289233
0
8848
2833193459
2836905155
2837203959
2841389383
0
8674
2847186943
2850839975
2851098109
2855302481
0
8809
2861083229
2864673187
2865131535
2869348627
0
8734
2875289509
2879067047
2879122999
2883347809
0
8663
2889096103
2892647819
2892995035
2897225447
0
8735
2903068029
1.17647058823529e-09

0
