NEURON -- VERSION 7.2 twophase_multisend (548:312f182308de) 2010-12-14
 '--prefix=/home/hines/neuron/replay' '--with-nrnpython' '--enable-bluegeneP' '--with-paranrn' '--with-multisend=allreplay' '--host=powerpc64-suse-linux' 'BG_BASE=/home/hines/BGP/IBM_V1R4M2/bgp/comm' 'BGlinux=/bgsys/drivers/ppcfloor/gnu-linux' 'CC=/home/hines/BGP/IBM_V1R4M2/bgp/comm/comm/bin/mpixlc' 'CXX=/home/hines/BGP/IBM_V1R4M2/bgp/comm/comm/bin/mpixlcxx' 'host_alias=powerpc64-suse-linux'
/home/hines/perf1/powerpc64/special -mpi -c use2phase=0 -c done=0 init.hoc -c mkmodel(18,10000) -c doseries(123) -c use2phase=1 -c doseries(23) -c finish()
methodinfo 80
nhost 8192
MemSize 536870912
UsedMem 123859992
FreeMem 413010920
use2interval = -1
ncellpow = 18
ncon = 10000
nconrange = 100
mininvl = 20
maxinvl = 40
ranoffset_ = 1
connect_random_low_offset_ = 1
run_random_low_offset_ = 2
n_xcell = 0
use2phase = 0
burstfactor = 0.2
burstdur = 50
burstsize = 0
bgpdma = 0
compress_bufsize = 10
series = 1
binqueue = 1
selfqueue = 1
tstop = 200
spkfile = 0
done = 0
setuptime = 0.96
mkmodel_time = 8.19
setup_method_time = 0.26
set_maxstep_time = 0.13
stdinit_time = 0.2
runtime = 5.85
methodrun_time = 6.28
elapsed_time = 90.91
jobid = 0
seq = 2
@@@end header@@@
1207
3879998042
3880358090
3881836023
0
0
3881837299
3882238699
3882247559
3883411980
0
0
3883412793
3883568893
3883625994
3884786638
0
0
3884787397
3884940757
3885005499
3886165592
0
0
3886166451
3886322925
3886425192
3887582742
0
0
3887583535
3887738689
3887803872
3888966918
0
0
3888967649
3889122866
3889196462
3890360416
0
0
3890361147
3890515947
3890576622
3891735432
0
0
3891736215
3891890491
3891956924
3893116436
0
0
3893117183
3893273093
3893340016
3894498526
0
0
3894499327
3894654831
3894726994
3895885988
0
0
3895886745
3896041733
3896102468
3897263172
0
0
3897263973
3897419715
3897478822
3898641256
0
0
3898642021
3898797473
3898859906
3900020160
0
0
3900020907
3900177557
3900242146
3901401988
0
0
3901402709
3901556523
3901617332
3902777606
0
0
3902778357
3902933663
3902998954
3904159236
0
0
3904159953
3904316033
3904386082
3905546824
0
0
3905547543
3905702829
3905791132
3906950996
0
0
3906951753
3907105961
3907171662
3908328294
0
0
3908329045
3908485527
3908541528
3909704224
0
0
3909704975
3909874807
3909957862
3911117682
1
13027
3926080412
3946180494
3947199286
3948382654
2
13101
3963590820
3984087902
3984787786
3985969134
2
13196
4001216274
4021769760
4022551446
4023725876
2
13035
4038896528
4059330914
4059929352
4061110156
2
13134
4076393992
4096869308
4097597500
4098777950
3
13137
4114113064
4134589698
4135195482
4136376562
0
13157
4151788752
4172449790
4172855074
4174030068
2
13138
4189354040
4209874938
4210466290
4211646444
2
13158
4227007368
4247448684
4248212396
4249392186
2
13224
4264691816
4285256684
4286144922
4287326476
1
13101
7702220
28193142
28712128
29894712
1
13223
45253052
65770266
66650006
67828484
1
12918
82868542
102960858
103695294
104873226
2
13189
120213492
140737230
141478482
142657622
1
13088
157862592
178226182
178961430
180148490
2
13072
195317812
215640868
216402348
217582912
0
13039
232722010
252787486
253569946
254749310
2
13072
269875296
290304702
291111760
292291600
2
13111
307625852
328264398
328622268
329799128
2
13024
344858840
365123270
365921172
367104200
0
300
367647960
368529606
368628932
369803786
0
964
371229356
372810452
373030828
374208520
1
1627
376513856
379190822
379441698
380620824
0
2296
383663972
387234986
387702104
388882814
0
2951
392827344
397622526
397867024
399047484
1
3548
403684512
409423338
409634916
410816646
2
4259
416148224
422734958
423387228
424568352
0
4935
430756524
438613406
438975903
440153154
0
5584
447103102
455910642
456361907
457541560
0
6290
465271068
475160074
475721158
476900076
1
6790
485179040
495864770
496431904
497617704
1
7624
506814994
518649822
519295922
520473628
1
8261
530409024
543464950
543867612
545045518
1
8898
555723448
569698552
570186730
571366116
0
9543
582722644
597675118
598319162
599493102
1
10117
611449244
627166106
627957190
629134792
1
10925
642046126
658978288
659761598
660948976
2
11387
674333036
692008472
692870110
694047736
1
12115
708241450
727148418
727703444
728886360
2
12856
743796220
763985418
764590780
765774228
2
12841
780892716
800956282
801587830
802766420
2
12070
816895778
835809930
836428554
837612714
1
11615
851311924
869511172
870103792
871284938
1
10975
884257628
901383498
902052156
903233828
3
10499
915627784
931956074
932716574
933895556
0
10002
945574452
961068984
962050472
963229788
1
9583
974645450
989667806
990233250
991414304
0
9182
1002365064
1016829106
1017288378
1018469134
2
8679
1028893772
1042758286
1043106908
1044289996
2
8357
1054335420
1067531354
1067930332
1069110276
2
7978
1078768560
1091364158
1091791340
1092969028
0
7679
1102164696
1114158722
1114850266
1116031420
0
7357
1124898040
1136510978
1137034086
1138212424
3
7199
1146893948
1158168302
1158816352
1159995652
0
7011
1168524878
1179658318
1180036732
1181213104
3
7028
1189803588
1201073542
1201305830
1202484436
1
6708
1210578700
1221024552
1221692962
1222872804
0
6813
1231070370
1241748688
1242476528
1243653160
3
6628
1251739032
1262181526
1262765414
1263946532
0
6618
1272105460
1282634410
1282987386
1284163530
0
6825
1292543924
1303374982
1303766334
1304942896
2
7495
1313993472
1325806058
1326300870
1327483276
0
8010
1337049632
1349575286
1350247136
1351426952
0
8453
1361449784
1374693792
1375421180
1376602988
3
8735
1386999578
1400628794
1401338710
1402514724
0
9201
1413492076
1427857354
1428464736
1429640236
0
9585
1441012140
1455941546
1456643312
1457821324
0
9704
1469291180
1484320340
1485154890
1486334392
1
9909
1498061326
1513648474
1514255036
1515433864
0
10123
1527454132
1543329914
1543916558
1545094416
3
10089
1557044592
1572811350
1573534046
1574711508
0
10098
1586550896
1602340126
1603112296
1604289016
2
10221
1616361232
1632293430
1632831670
1634012820
1
10060
1645916748
1661590642
1662318064
1663499868
0
9961
1675302060
1690980754
1691537430
1692718654
0
9767
1704265744
1719725966
1720200074
1721380970
2
9490
1732628936
1747759154
1748075462
1749253988
1
9508
1760577998
1775541866
1776061174
1777243856
0
9125
1788112176
1802385674
1802981918
1804161534
2
8914
1814715078
1828729426
1829391436
1830569290
0
8688
1840888302
1854621758
1855189882
1856367548
2
8255
1866245952
1879343846
1879743616
1880919840
3
7983
1890522960
1903077434
1903630026
1904806496
1
8085
1914488354
1927109666
1927746736
1928925340
1
7980
1938702714
1951324758
1951657680
1952840264
1
7841
1962180796
1974323774
1975231388
1976407792
0
7812
1985775852
1998037152
1998646710
1999824238
3
7791
2009178948
2021301522
2022089008
2023267984
1
7637
2032399556
2044415246
2045051958
2046233446
2
8062
2055841160
2068435138
2069149914
2070330672
2
8092
2080033108
2092697558
2093386096
2094562328
1
8209
2104418160
2117298996
2117966028
2119146236
1
8207
2129085064
2142086662
2142421831
2143597324
0
8295
2153408688
2166163528
2167143156
2168322372
0
8558
2178499620
2191836006
2192702042
2193877260
0
8806
2204376154
2218290674
2218742482
2219921276
2
8875
2230499990
2244436994
2245080094
2246257940
2
8980
2256955672
2270891178
2271579450
2272760976
2
9112
2283569256
2297786662
2298549204
2299730402
0
9156
2310630358
2324998542
2325526900
2326706158
0
9044
2337448656
2351500420
2352247874
2353427802
1
9391
2364561496
2379181998
2379849898
2381028708
1
9416
2392154436
2406778400
2407665794
2408841948
2
9501
2420073512
2434949680
2435576866
2436760124
1
9308
2447821952
2462451322
2462971666
2464148568
0
9384
2475263464
2489973194
2490568336
2491751574
1
9083
2502696156
2517093942
2517484550
2518666412
0
9259
2529644884
2544178490
2544792318
2545966216
2
9111
2556875596
2571217838
2571633950
2572813312
2
8916
2583468264
2597621414
2597967940
2599148716
2
8577
2609328008
2622983190
2623396424
2624574620
1
8736
2634996040
2648714006
2649273238
2650453746
3
8644
2660933608
2674745586
2674927764
2676106904
1
8459
2686244112
2699527668
2700151094
2701333148
0
8342
2711226516
2724279954
2725057582
2726235304
4
8510
2736302416
2749576914
2750402496
2751582634
0
8304
2761472320
2774416638
2775166018
2776349176
0
8314
2786127796
2798903408
2799954802
2801134594
1
8291
2811163788
2824339030
2824615020
2825790272
1
8398
2835804828
2848771104
2849628402
2850810182
0
8299
2860773328
2873786758
2874356254
2875534404
0
8312
2885414714
2898321186
2899270362
2900453446
1
8473
2910594420
2924140158
2924521742
2925700936
3
8568
2935966228
2949473834
2949912592
2951093490
1
8644
2961509992
2975176986
2975503746
2976683684
2
8801
2987124528
3000911990
3001557450
3002732540
1
8627
3013013278
3026554762
3027239608
3028419644
0
8744
3038840838
3052412134
3053226700
3054404480
1
8737
3064740288
3078339836
3079196620
3080376896
0
8957
3091057272
3105261548
3105865314
3107050134
1
8773
3117609532
3131556494
3131879260
3133058176
0
8989
3143730852
3157698724
3158412706
3159591892
1
8982
3170300164
3184332098
3185002328
3186183148
1
9114
3196998730
3211253230
3211928368
3213106070
4
9019
3223906144
3238067600
3238579646
3239758166
0
9065
3250570414
3264690786
3265331196
3266512664
1
9034
3277304956
3291758906
3292013448
3293195180
2
9024
3303883356
3318105716
3318804646
3319983200
1
8866
3330523984
3344348586
3345041298
3346222396
3
8801
3356671844
3370457750
3371074928
3372253100
1
8952
3382881336
3396837954
3397560330
3398738520
0
8813
3409192970
3423047512
3423651262
3424830020
1
8695
3435152480
3448837766
3449468654
3450645632
1
8753
3460977304
3474594610
3475459504
3476639626
0
8599
3487030920
3500758874
3501062842
3502244096
0
8512
3512517672
3526053686
3526317304
3527495700
0
8636
3537845972
3551306672
3551931226
3553110804
1
8585
3563322694
3576767086
3577552984
3578733772
4
8456
3588778904
3601873294
3602674542
3603857888
1
8583
3614100136
3627363426
3628204142
3629379960
0
8555
3639604208
3653077526
3653661830
3654840526
1
8670
3665252804
3678832836
3679351838
3680533250
1
8637
3690733596
3704044118
3704994530
3706174404
1
8665
3716598216
3730183806
3730687574
3731867292
0
8552
3742185444
3755624990
3756077248
3757255304
0
8493
3767390026
3780620112
3781313670
3782497122
3
8568
3792851534
3806323494
3806856628
3808035392
0
8656
3818439456
3832065014
3832570970
3833746288
0
8806
3844295192
3858063658
3858754301
3859931256
0
8844
3870501176
3884461584
3885074095
3886256186
1
8849
3896886936
3910812694
3911281358
3912457732
2
8879
3923044756
3937024270
3937546498
3938724672
2
8905
3949304386
3963199862
3963911388
3965093388
0
8739
3975553880
3989354942
3989814104
3990996750
4
8819
4001533012
4015503982
4015983788
4017161256
2
8947
4027853986
4042024594
4042486188
4043661362
3
8930
4054067324
4067822418
4068909714
4070089028
1
8841
4080629770
4094414874
4095123837
4096301640
0
8886
4106902472
4120883710
4121485540
4122664676
2
8804
4133286208
4147209762
4147606946
4148787632
1
8802
4159198604
4172805296
4173870672
4175050072
2
8802
4185472974
4199085990
4199909962
4201084448
1
8756
4211559276
4225316366
4225859262
4227036958
1
8665
4237328544
4250851434
4251549654
4252729708
0
8848
4263338144
4277188786
4277831538
4279007140
0
8674
4289277244
7897550
8546154
9727948
2
8809
20329340
34309726
34619748
35798740
0
8734
46330054
60142694
60482192
61662688
0
8663
71954092
85255770
86225384
87408020
0
8735
97782584
1.17647058823529e-09

0
