NEURON -- VERSION 7.2 twophase_multisend (549+:08f55733e693+) 2010-12-15
 '--prefix=/home/hines/neuron/replay' '--with-nrnpython' '--enable-bluegeneP' '--with-paranrn' '--with-multisend=allreplay' '--host=powerpc64-suse-linux' 'BG_BASE=/home/hines/BGP/IBM_V1R4M2/bgp/comm' 'BGlinux=/bgsys/drivers/ppcfloor/gnu-linux' 'CC=/home/hines/BGP/IBM_V1R4M2/bgp/comm/comm/bin/mpixlc' 'CXX=/home/hines/BGP/IBM_V1R4M2/bgp/comm/comm/bin/mpixlcxx' 'host_alias=powerpc64-suse-linux'
/home/hines/perf1/powerpc64/special -mpi -c runs=1 runs.hoc
methodinfo 80
nhost 32768
MemSize 536870912
UsedMem 223787720
FreeMem 313083192
use2interval = -1
ncellpow = 23
ncon = 1000
nconrange = 100
mininvl = 20
maxinvl = 40
ranoffset_ = 1
connect_random_low_offset_ = 1
run_random_low_offset_ = 2
n_xcell = 0
use2phase = 0
burstfactor = 0.2
burstdur = 50
burstsize = 0
bgpdma = 0
compress_bufsize = 10
series = 1
binqueue = 1
selfqueue = 1
tstop = 200
spkfile = 0
done = 0
setuptime = 0.4
mkmodel_time = 7.11
setup_method_time = 1.58
set_maxstep_time = 0.14
stdinit_time = 0.16
runtime = 14.41
methodrun_time = 16.17
elapsed_time = 169.69
jobid = 0
seq = 3
@@@end header@@@
1207
1951648334
1952108947
1957052609
0
0
1957056925
1957515794
1957539752
1961823145
0
0
1961824857
1962028558
1962136801
1966393443
0
0
1966395365
1966600518
1966723948
1970960391
0
0
1970961853
1971165366
1971330799
1975564691
0
0
1975566225
1975770658
1975882633
1980156359
0
0
1980158265
1980362050
1980457961
1984675553
0
0
1984677121
1984878824
1985061633
1989331263
0
0
1989332761
1989537378
1989657539
1993868915
0
0
1993870457
1994073826
1994177663
1998409673
0
0
1998411385
1998616078
1998712681
2002947309
0
0
2002948705
2003152978
2003259075
2007493473
0
0
2007495405
2007699414
2007795301
2012033227
0
0
2012034777
2012241286
2012361593
2016628887
0
0
2016630565
2016833806
2016987777
2021186353
0
0
2021187965
2021391222
2021472177
2025730281
0
0
2025732009
2025934470
2026022181
2030234341
0
0
2030236333
2030440486
2030541425
2034781761
0
0
2034784081
2034986398
2035088995
2039322543
0
0
2039324301
2039529666
2039669751
2043887077
0
0
2043888869
2044092466
2044212207
2048460733
0
0
2048462341
2048744450
2048920393
2055900573
13
419007
2104951105
2125116043
2125617771
2132986028
8
419226
2181705915
2201563169
2202742403
2209847898
12
419346
2258611099
2278530373
2279605007
2286796722
15
419717
2335707853
2355836107
2356589947
2423416799
15
419690
2472205267
2492261259
2493850165
2557537829
11
419716
2606290169
2626180903
2627217957
2634497298
12
419838
2683395089
2703415595
2704272419
2711448182
14
418992
2760341937
2780417111
2781133521
2847760975
11
419200
2896599257
2916750279
2917904252
2925239946
12
419105
2974015657
2993948383
2994974307
3002369970
11
419878
3051484253
3071780131
3072207575
3079412682
8
419313
3127976981
3147689845
3149136517
3216234551
16
419612
3265050977
3285089135
3286633507
3349617279
15
419240
3398237127
3418107297
3419933407
3483422807
17
419186
3532236799
3552288455
3553957983
3619295817
9
419469
3667947101
3687750527
3689672170
3756485565
8
419327
3805206841
3824918543
3826592679
3833831422
14
419561
3882515777
3902362799
3903763507
3967740355
14
419358
4016545915
4036717021
4038385335
4045575206
21
419827
4094334929
4114039361
4115347647
4120127507
0
10485
4124347069
4125333887
4125430251
4129679129
2
31480
4137102525
4138802207
4139117850
4143349145
3
52391
4153227849
4155896233
4156385703
4160613249
2
73078
4172864279
4176524527
4176972337
4194871736
4
94358
4209490429
4214200647
4214628163
4220377419
5
115139
4237250389
4242949075
4243409551
4249148027
9
135840
4268177309
4274868283
4275377991
4293798990
2
157768
20170145
27956799
28334539
47160788
8
178532
70551739
79137261
79887941
99143054
8
199063
124826373
134531675
134902695
140934604
9
220381
168912615
179652771
180077295
200298894
6
241064
230368395
241928839
243668954
264698438
4
261942
296962957
309640171
312232729
318647334
7
283606
353315809
367025935
367704817
397983895
8
304116
434588559
448856471
453540631
499001899
5
325033
537763841
553117953
555468799
562322206
4
345612
603461805
620069955
620959215
627813310
15
366829
671150037
688615325
689475177
746926831
6
388101
792440089
810957799
811982035
819476658
6
409028
867262953
886850911
887668179
949762035
10
409683
997354279
1016763367
1018579805
1078046995
9
388662
1123796765
1142586243
1144019457
1196957627
16
370741
1240594797
1258221075
1260303419
1311315019
8
351782
1353046781
1369884567
1371660825
1378352002
14
335743
1418411475
1434476311
1435398379
1442007854
15
320872
1480506295
1495866675
1496728143
1503335026
6
304980
1539968993
1554432115
1555643979
1581060266
17
292476
1616543027
1630632743
1631309357
1653294802
15
278622
1687135313
1700458921
1703728010
1709982842
16
267270
1742863361
1755785703
1756483319
1777243578
9
256525
1808910871
1821307203
1822983961
1829125330
5
248446
1859984057
1871974207
1872662957
1878730774
9
239077
1908694589
1920336655
1920876126
1926878060
6
231441
1955928313
1967148223
1967830051
1973794306
7
226045
2002322857
2013297579
2013904139
2019916891
6
219962
2047551651
2057992457
2059117577
2065018349
4
215711
2092378477
2102769521
2103479653
2109415469
7
213676
2136547721
2146842915
2147706659
2153579541
6
211080
2180793079
2191336525
2191428065
2210320878
5
209542
2237011617
2247133531
2247976569
2253914451
7
219224
2281780121
2292493419
2293003017
2298937434
3
238405
2328762381
2340284159
2340901518
2346930886
8
255038
2378518993
2390883891
2391441309
2412942586
9
271658
2446282431
2459305459
2460308976
2466550446
5
282425
2500973109
2514500579
2515284799
2536940666
4
295191
2572512107
2586512551
2589838769
2596195922
4
304317
2632872871
2647466019
2648298653
2670314770
11
311608
2707579025
2722309021
2727073957
2733515082
7
317456
2771466869
2786427335
2787703538
2822926467
10
322315
2861542585
2876906099
2878097793
2884548366
9
325218
2923405133
2938930359
2939833381
2946322016
17
325832
2985249429
3000809683
3001806699
3008297714
10
325346
3047336273
3062987999
3063702103
3100169711
8
322700
3138760597
3154185767
3155034939
3161530074
16
319858
3200030437
3215481527
3216144143
3241499134
11
316176
3279546521
3294675003
3296737595
3303158558
11
308648
3340343991
3355200587
3355966707
3362240688
11
301986
3398625879
3413035859
3414017735
3437902990
11
294184
3473333229
3487265163
3488878025
3495154838
6
285171
3529845533
3543576707
3544349334
3566592964
12
275115
3600185815
3613535323
3614343274
3620428310
9
265742
3652953481
3665603399
3666633983
3672719390
8
259783
3704723137
3717276351
3718073189
3739194282
10
255067
3770681221
3782811535
3783676701
3804731874
8
250504
3835872969
3848175627
3848451261
3854622210
8
249628
3885528581
3897536993
3898322581
3904430044
9
248668
3935281729
3947240487
3947978831
3968286414
4
249093
3999136219
4011172247
4012417724
4032665622
7
250937
4063725963
4075835531
4077206501
4097925214
5
253433
4129185845
4141297331
4142756033
4164088292
2
256279
4195590413
4207846951
4208896235
4215003258
4
259806
4247303917
4260143251
4260226565
4266423826
5
263871
3881627
16535691
17292691
23497266
10
268460
56345657
69181627
70102145
93028128
6
271801
126075179
138795889
139819973
162855282
7
277515
196845321
210355135
210935690
217181338
5
283082
251472561
264882415
265916761
289141278
10
287442
323775629
337339405
339134680
345455018
11
291719
380659819
394486891
395524091
401885786
8
295571
437864985
452287995
452624337
477498998
5
298113
513429773
527672855
528889699
535282172
7
299872
571460777
585851915
586741143
593119374
12
301618
629339153
643606711
644812445
651164808
14
300247
687332245
701598819
702647203
727819274
5
300206
763901869
778254991
779331271
785713428
16
297280
821528221
835731053
836645409
859294846
14
295876
894919413
908999023
912199145
934542012
11
293029
970064413
984295655
987020652
993357426
9
288834
1028389521
1042196109
1043204946
1065759776
9
285794
1100401531
1114219279
1116030159
1138836222
17
282456
1173179607
1186667259
1188139509
1210112518
7
279768
1244388031
1257970275
1259731017
1265939098
4
275936
1299906077
1313493967
1313832919
1336295484
12
272589
1369633051
1382819867
1383398223
1404555014
10
270195
1437601273
1450546635
1452422259
1474422074
12
268207
1507329779
1520087213
1521039860
1527254490
7
266299
1559956805
1572759659
1573632201
1595602094
7
266663
1628261589
1641087775
1641730191
1647875490
8
265026
1680340993
1693033155
1693908275
1700052626
12
265007
1732689397
1745444547
1746165405
1752396546
5
266046
1785111481
1797895275
1798630361
1820171018
4
267560
1852984737
1865821311
1866960363
1873214838
7
269184
1906344685
1919393239
1919966859
1942001506
4
271979
1975236139
1988319083
1989502369
2011027722
4
274569
2044656721
2057853903
2059346671
2081958816
5
276097
2115653689
2128918861
2129719280
2135930358
4
278959
2169923761
2183217967
2184220507
2190440562
8
280323
2224490377
2237801235
2238877541
2245124902
7
283370
2279646503
2293229523
2293997251
2317572854
7
286026
2352264527
2366179095
2366736105
2390116216
12
286888
2425029021
2438835727
2439618967
2445911002
9
287712
2480645013
2494213307
2495544523
2501859910
12
289137
2536723161
2550369541
2551609245
2575178458
13
289352
2610321475
2624295747
2625168937
2631470878
9
289139
2666550807
2680467563
2681355943
2704851674
13
289532
2739937787
2753846805
2754918474
2761223946
10
287361
2796227665
2810151491
2810737737
2832543678
15
285951
2867293601
2881060819
2883889483
2906658894
7
285777
2941243413
2954712903
2956631839
2962832244
5
283673
2997358841
3011002747
3011877593
3034690058
11
282863
3068928795
3082412011
3084062481
3090278586
12
280993
3124474731
3137913599
3138769211
3159785620
7
278986
3193602941
3206889075
3209677947
3232299522
7
277153
3266216665
3279659083
3280335151
3286617958
15
276833
3320562087
3334035671
3334508569
3355593782
9
274805
3389053325
3402232703
3404613893
3426862334
10
274772
3460393275
3473637787
3474575319
3480826070
5
274653
3514459801
3527688663
3528346399
3534483874
8
273599
3567980121
3581141707
3582003450
3588272140
7
273364
3621714551
3634815859
3635570963
3641750730
7
273679
3675353477
3688633347
3689147493
3695369086
7
273880
3728800661
3741846933
3742822369
3763897542
4
275052
3797494169
3810715687
3812945079
3833740066
4
275316
3867222721
3880309859
3883070735
3889339666
5
276380
3922954181
3936095389
3937102435
3958332600
8
277383
3992031449
4005186543
4007763499
4030295466
5
277468
4064097257
4077473587
4078705583
4084917842
14
278877
4118763637
4131951795
4133188405
4156083778
9
279651
4190220953
4203799927
4204485931
4210759710
12
281445
4245177371
4258808863
4259404423
4265727602
5
282160
5087925
18594397
19484487
42617726
10
282372
77036017
90756387
91187929
97399050
12
282916
131804105
145312791
146214194
152458574
9
283947
187104157
200871947
201431251
207699214
7
284234
242289741
255936311
256740875
278347594
6
283942
312898849
326552759
328861211
335171842
7
283240
369577047
383107079
384106985
407247478
9
283380
441664625
455188503
456464651
479464072
8
282825
513809817
527303161
528738743
551643558
5
282319
586018201
599712191
600572301
623134150
13
281044
657222685
670665033
672196659
678460698
12
280161
712558301
725998113
726969761
748229358
13
279689
782340761
795861999
798346911
804596262
8
279285
838600545
851961467
852838491
859092994
7
278870
893019407
906342225
907265801
913478980
11
279235
947555597
961037087
961746467
983499226
11
277633
1017172523
1030194865
1032754367
1039007362
5
277138
1072784577
1086080735
1087011885
1093291902
13
277633
1127350681
1140670931
1141266131
1147501718
4
277347
1181298225
1.17647058823529e-09

0
