NEURON -- VERSION 7.2 twophase_multisend (549:08f55733e693) 2010-12-15
 '--prefix=/home/hines/neuron/replay' '--with-nrnpython' '--enable-bluegeneP' '--with-paranrn' '--with-multisend=allreplay' '--host=powerpc64-suse-linux' 'BG_BASE=/home/hines/BGP/IBM_V1R4M2/bgp/comm' 'BGlinux=/bgsys/drivers/ppcfloor/gnu-linux' 'CC=/home/hines/BGP/IBM_V1R4M2/bgp/comm/comm/bin/mpixlc' 'CXX=/home/hines/BGP/IBM_V1R4M2/bgp/comm/comm/bin/mpixlcxx' 'host_alias=powerpc64-suse-linux'
/home/hines/perf1/powerpc64/special -mpi -c use2phase=0 -c done=0 init.hoc -c mkmodel(21,1000) -c compress_bufsize=40 -c doseries(1) -c finish()
methodinfo 80
nhost 8192
MemSize 536870912
UsedMem 124625464
FreeMem 412245448
use2interval = -1
ncellpow = 21
ncon = 1000
nconrange = 100
mininvl = 20
maxinvl = 40
ranoffset_ = 1
connect_random_low_offset_ = 1
run_random_low_offset_ = 2
n_xcell = 0
use2phase = 0
burstfactor = 0.2
burstdur = 50
burstsize = 0
bgpdma = 0
compress_bufsize = 40
series = 1
binqueue = 1
selfqueue = 1
tstop = 200
spkfile = 0
done = 0
setuptime = 0.22
mkmodel_time = 7.44
setup_method_time = 7.57
set_maxstep_time = 0.14
stdinit_time = 0.23
runtime = 7.98
methodrun_time = 15.73
elapsed_time = 23.39
jobid = 0
seq = 0
@@@end header@@@
1207
751464974
752015223
756179531
0
0
756182989
756654007
756664670
759948975
0
0
759950869
760120701
760152151
763410363
0
0
763411983
763579872
763617345
766861235
0
0
766863117
767033040
767108033
770375023
0
0
770376541
770547064
770586251
773830479
0
0
773832437
774002936
774033229
777272811
0
0
777274285
777444212
777477379
780733235
0
0
780735081
780904652
780942597
784182711
0
0
784184085
784353884
784390591
787624047
0
0
787625393
787796034
787858101
791102307
0
0
791104033
791274178
791307573
794557873
0
0
794559669
794728428
794776071
798052637
0
0
798054161
798224312
798262027
801539599
0
0
801541685
801710992
801759611
805027159
0
0
805028937
805198550
805248265
808486155
0
0
808488093
808658304
808705357
811960879
0
0
811962701
812131996
812178195
815436395
0
0
815438293
815609032
815670107
818911755
0
0
818913481
819083056
819116407
822371427
0
0
822373169
822545512
822585139
825823355
0
0
825825149
826072556
826128811
829379307
11
104811
855820589
876082463
876820612
880140027
16
104859
905699645
925790455
926665061
929990651
14
104874
955736897
976051939
976686767
979996283
11
104758
1005516915
1025496251
1026517917
1029806603
13
104795
1055256309
1075174191
1076265589
1079584307
14
104868
1105290533
1125514219
1126225019
1129557923
12
104810
1155362581
1175753195
1176086077
1179419417
12
105141
1204980921
1225044643
1226350493
1229677723
13
104709
1255027635
1274836903
1276187339
1279492683
16
104841
1304845777
1324610391
1326069679
1329376903
10
105014
1354850093
1374808007
1376126565
1379454443
13
105177
1405045503
1425160085
1426134223
1429459979
13
104839
1454918769
1474860313
1475957311
1479265247
13
104785
1504720191
1524667551
1525808323
1529092901
11
105041
1554532013
1574434043
1575703263
1579018867
16
104931
1604651325
1624858963
1625632512
1628933031
11
104439
1654232495
1673705239
1675166993
1678483627
10
104720
1704045613
1724172975
1725032199
1728360693
13
105146
1754059501
1774316521
1775029551
1778348221
14
104594
1803806869
1823618247
1824804997
1828137567
0
2562
1829832667
1830753325
1830945379
1834253267
1
7773
1837863577
1839658395
1839690709
1843003039
4
13078
1848004701
1850716637
1850994653
1854303799
1
18253
1860669453
1864410243
1864676941
1868003171
3
23402
1875533609
1880156091
1880719281
1884026361
3
28919
1892974971
1898809499
1899074075
1902377979
5
34159
1912465583
1919232051
1919713763
1923019785
4
39468
1934298373
1942073663
1942560373
1945878783
5
44368
1958144469
1966788939
1967449165
1970783867
10
49763
1984324573
1994146511
1994583267
1997878691
10
54966
2012452401
2023114695
2023873983
2027183783
4
60097
2042829253
2054379811
2055290553
2058611187
7
65560
2075545213
2088229359
2088935013
2092227581
9
70963
2110322045
2124138417
2124706067
2128012237
12
76077
2147196779
2161890659
2162598087
2165933663
10
81283
2186194321
2201825927
2202770003
2206093977
10
86418
2227589547
2244314379
2244902409
2248218253
7
91972
2270696029
2288223187
2289351623
2292683771
10
96906
2316164729
2334521581
2335763687
2339086471
11
102083
2363785345
2383242807
2384284315
2387572243
8
102397
2412358929
2431998643
2432951411
2436272091
12
97448
2460008497
2478683241
2479689570
2482986033
9
92655
2505617289
2523277899
2524373779
2527681423
11
88042
2549259961
2566044891
2567438881
2570748811
10
84112
2591477577
2607440831
2608656813
2611979775
14
80138
2631868263
2647127739
2648296451
2651619095
8
76225
2670935055
2685791515
2686269409
2689589835
12
72757
2707954217
2721931911
2722832901
2726178379
12
70017
2743971401
2757390075
2758243155
2761550503
4
67140
2778833405
2791862903
2792473805
2795795709
5
64231
2812403209
2824901179
2825492787
2828797899
12
61720
2844968073
2857120971
2857515877
2860833397
14
59971
2876559135
2888212751
2888899075
2892210283
3
57855
2907440895
2918711131
2919463725
2922781075
8
56142
2937615365
2948487439
2949175411
2952498249
8
54682
2966894273
2977374839
2978323193
2981627305
10
54369
2996061849
3006573663
3007356699
3010667659
4
52894
3024830701
3035155487
3035790183
3039094535
4
52674
3053144093
3063384399
3063993579
3067309047
7
52590
3081381801
3091634767
3092169621
3095514799
5
55337
3109888281
3120301875
3121550307
3124863283
10
59588
3140591265
3152326143
3152692213
3156003407
10
63858
3172353461
3184531595
3185570475
3188899887
5
67571
3205988493
3218809947
3219977001
3223297051
11
70428
3241258973
3254961331
3255526845
3258853117
10
73497
3277289085
3291203159
3292319865
3295628163
4
75803
3314670899
3329250379
3330103626
3333441041
10
77527
3352909657
3367914619
3368671277
3371969575
12
79561
3391631083
3406646823
3407956967
3411283671
10
80635
3431482573
3447072771
3447752355
3451054179
6
81492
3471358345
3487155063
3487720905
3491030909
7
81501
3511422233
3527223055
3527788017
3531101327
9
81260
3551466325
3567262143
3567927367
3571242755
10
81286
3591382473
3606943079
3607914633
3611207149
9
80031
3631139197
3646461007
3647438073
3650752803
10
78874
3670483653
3685660613
3686408245
3689728371
10
77648
3709067557
3723840391
3724957815
3728276125
8
75857
3747381825
3762132817
3762834439
3766158049
12
73471
3784669815
3798768695
3799749123
3803046837
7
71184
3821047709
3834776843
3835709735
3839027977
15
68728
3856561653
3869836567
3870515387
3873844991
10
66449
3890875455
3903697175
3904507843
3907831919
8
65009
3924537429
3937071199
3937971751
3941281445
6
63953
3957907393
3970451803
3970983759
3974305211
8
62566
3990549933
4002739679
4003368215
4006670715
12
62392
4022759353
4034701011
4035654673
4038981573
6
62439
4055047297
4066972427
4067957121
4071263731
4
62045
4087339993
4099389499
4100015655
4103324233
7
62436
4119386881
4131324337
4132415677
4135730247
10
63091
4151927853
4163978109
4164913346
4168215195
9
63860
4184752253
4197145663
4197838433
4201167143
5
64783
4217810413
4230337819
4231161109
4234473319
7
65532
4251363295
4264100299
4264740945
4268045975
8
67416
4285258825
3193303
4301875
7612475
2
68453
25172191
38455167
39100243
42432783
8
69188
59996203
73250723
74161111
77478343
10
70366
95397265
109030059
109692229
113003481
13
71609
131050671
144704983
145957947
149277047
11
72851
167773177
181883669
182612501
185941799
9
73612
204495753
218613595
219526395
222868867
3
74635
241773865
256241027
256866705
260168963
6
75085
279244469
293902419
294266907
297578319
5
75811
316658105
331271667
332053507
335359147
10
74875
354060209
368276639
369457353
372783575
14
75455
391951509
406716195
407055303
410373939
10
74680
429270031
443832067
444475037
447776163
14
73871
466392801
480551547
481531363
484874707
5
73322
503384419
517474295
518310151
521610505
8
72089
539863261
553701655
554621911
557937509
9
71298
575930779
589557371
590656013
593969611
10
70931
612044205
625829263
626484190
629807687
13
70026
647540679
661043267
662060878
665375055
16
69357
682967221
696246623
697167507
700494483
5
68086
717904793
731001647
731952458
735278879
6
67506
752432621
765275631
766448871
769765143
5
66814
786879785
799674173
800537889
803848775
5
66780
820975343
833892883
834769083
838050475
11
66519
854938547
867520839
868692219
872015307
11
66467
889095569
901924539
902694441
905994685
12
66086
922875269
935461331
936477269
939783123
4
66759
956977299
969935291
970631849
973930649
5
66377
990961921
1003742341
1004633647
1007939291
9
67444
1025418581
1038691499
1039038243
1042364809
11
67984
1059697037
1072704557
1073694429
1077007555
5
68297
1094599797
1107926879
1108559367
1111876575
12
68970
1129577661
1142976303
1143688835
1146991609
8
69886
1164962929
1178548111
1179160733
1182494271
5
69752
1200252349
1213632919
1214542685
1217859547
11
71068
1236061125
1249973031
1250401751
1253717659
8
71701
1272062205
1286175315
1286744917
1290063911
6
71543
1308279069
1322141541
1322895349
1326207635
9
72477
1344654017
1358720131
1359328643
1362644519
13
72069
1380767001
1394394415
1395727049
1399057229
4
71809
1417331921
1431241055
1432064653
1435391175
12
72111
1453692829
1467551083
1468347795
1471649683
8
71855
1489974663
1503902735
1504519649
1507857145
9
71533
1526124815
1540058107
1540792973
1544110055
10
71640
1562411913
1576253827
1577015218
1580334829
6
71509
1598477459
1612277009
1613053731
1616385247
11
70998
1634446569
1648111523
1648984355
1652297903
8
70713
1670195383
1683676895
1684752731
1688064251
10
70362
1705889949
1719334449
1720325591
1723641959
10
69948
1741361033
1754656993
1755709687
1759019743
4
69665
1776720895
1790045219
1790948683
1794287261
12
69327
1811845397
1825007751
1826086155
1829449247
8
69106
1847293361
1860853751
1861273389
1864603813
6
68997
1882286389
1895630103
1896380229
1899707447
9
68902
1917299157
1930553415
1931354577
1934668911
10
68349
1952117545
1965296985
1966112535
1969406455
9
68746
1986857367
1999953319
2001172641
2004501443
10
68339
2021918969
2035042491
2035964863
2039289881
9
68335
2056842293
2070075287
2070710283
2074035399
5
68877
2091605963
2104902787
2105723941
2109037993
11
68684
2126525101
2139698999
2140652395
2143961959
9
68769
2161398221
2174517229
2175557353
2178864507
13
69499
2196577755
2210019093
2210797923
2214106875
8
69181
2231829769
2245186623
2246092223
2249399583
5
69823
2267201403
2280692999
2281699631
2285031157
10
69764
2302845827
2316325723
2317041477
2320327055
7
70119
2338302865
2351925669
2352523563
2355838271
8
70579
2373816721
2387454939
2388219583
2391556779
9
70761
2409744903
2423608691
2423963158
2427277189
9
71004
2445420489
2459167035
2459852093
2463165439
6
70495
2481096549
2494647367
2495569851
2498884759
12
70512
2516825625
2530376355
2531338327
2534643311
6
71103
2552740191
2566477951
2567205923
2570547193
8
70374
2588558901
2602259271
2602876057
2606180211
8
70797
2624028453
2637420411
2638584145
2641894299
5
70493
2659937109
2673641927
2674287749
2677619299
5
70037
2695587885
2709273671
2709737389
2713064083
7
70456
2731042281
2744669439
2745410107
2748712933
6
70109
2766472415
2779912773
2781058793
2784362031
11
70020
2802127467
2815524795
2816440359
2819775115
12
70233
2837631309
2851172639
2851932657
2855249139
13
69832
2873185733
2886776311
2887315881
2890627011
5
70007
2908607961
2922311539
2922735375
2926067327
6
70000
2943731131
2957043417
2958187135
2961502481
8
69931
2979250073
2992661335
2993577941
2996921035
10
69444
3014574705
3027767611
3028616511
3031925437
12
69308
3049508113
1.17647058823529e-09

0
