NEURON -- VERSION 7.2 twophase_multisend (548+:ac8349111157+) 2010-12-15
 '--prefix=/home/hines/neuron/replay' '--with-nrnpython' '--enable-bluegeneP' '--with-paranrn' '--with-multisend=allreplay' '--host=powerpc64-suse-linux' 'BG_BASE=/home/hines/BGP/IBM_V1R4M2/bgp/comm' 'BGlinux=/bgsys/drivers/ppcfloor/gnu-linux' 'CC=/home/hines/BGP/IBM_V1R4M2/bgp/comm/comm/bin/mpixlc' 'CXX=/home/hines/BGP/IBM_V1R4M2/bgp/comm/comm/bin/mpixlcxx' 'host_alias=powerpc64-suse-linux'
/home/hines/perf1/powerpc64/special -mpi -c use2phase=0 -c done=0 init.hoc -c mkmodel(21,1000) -c compress_bufsize=20 -c doseries(1) -c mkmodel(18,10000) -c doseries(4) -c finish()
methodinfo 80
nhost 8192
MemSize 536870912
UsedMem 124297832
FreeMem 412573080
use2interval = -1
ncellpow = 21
ncon = 1000
nconrange = 100
mininvl = 20
maxinvl = 40
ranoffset_ = 1
connect_random_low_offset_ = 1
run_random_low_offset_ = 2
n_xcell = 0
use2phase = 0
burstfactor = 0.2
burstdur = 50
burstsize = 0
bgpdma = 0
compress_bufsize = 20
series = 1
binqueue = 1
selfqueue = 1
tstop = 200
spkfile = 0
done = 0
setuptime = 0.86
mkmodel_time = 7.43
setup_method_time = 5.62
set_maxstep_time = 0.14
stdinit_time = 0.23
runtime = 7.82
methodrun_time = 13.62
elapsed_time = 21.93
jobid = 0
seq = 0
@@@end header@@@
1207
3729647354
3730132127
3732690311
0
0
3732693457
3733155551
3733165096
3735065447
0
0
3735067021
3735231403
3735284675
3737179395
0
0
3737181129
3737343586
3737406581
3739298273
0
0
3739299805
3739463996
3739521829
3741414275
0
0
3741416005
3741578916
3741646203
3743535977
0
0
3743537377
3743701028
3743752765
3745639581
0
0
3745640897
3745804174
3745873163
3747766807
0
0
3747768257
3747930832
3748016577
3749908763
0
0
3749910477
3750073590
3750147993
3752036627
0
0
3752038325
3752199782
3752260425
3754153219
0
0
3754154761
3754318404
3754366335
3756262607
0
0
3756264289
3756426534
3756506151
3758393303
0
0
3758394821
3758557406
3758624391
3760516899
0
0
3760518441
3760681298
3760744151
3762630223
0
0
3762631733
3762793572
3762853627
3764749923
0
0
3764751555
3764915032
3764958581
3766853945
0
0
3766855429
3767017776
3767066393
3768956855
0
0
3768958517
3769121458
3769191013
3771077037
0
0
3771078645
3771241856
3771317425
3773206311
0
0
3773207881
3773369972
3773441329
3775330887
0
0
3775332397
3775569458
3775649395
3777538347
11
104811
3804181857
3824453095
3824726966
3826635871
16
104859
3852095079
3872229067
3873085301
3874994299
14
104874
3900662817
3921031567
3921370393
3923278671
11
104758
3948679009
3968673833
3969732149
3971643555
13
104795
3996993907
4016954545
4018033203
4023735400
14
104868
4049291217
4069563755
4070171209
4072122038
12
104810
4097841925
4118271267
4118537391
4120448255
12
105141
4145920789
4166006923
4167080965
4168995995
13
104709
4194238965
4214058967
4215377229
4217290101
16
104841
4242555919
4262330759
4263861341
4269514106
10
105014
4294850233
19865273
21032533
22981326
13
105177
48490203
68631591
69652293
71568683
13
104839
96949071
116894851
117986427
123695178
13
104785
148982083
168942539
170246745
172198988
11
105041
197566749
217502953
218768843
220983662
16
104931
246455267
266630119
267448381
269390574
11
104439
294613933
314096965
315544170
317461939
10
104720
342914615
363057143
363915747
369667094
13
105146
395207157
415491707
416225093
418181814
14
104594
443564249
463383173
464394133
466305803
0
2562
467814245
468737005
468925081
470840295
1
7773
474248943
476054263
476088769
478005965
4
13078
482880777
485605359
485884507
487795503
1
18253
494095149
497835563
498118687
500035047
3
23402
507491585
512110503
512661401
514581943
3
28919
523465503
529305057
529568283
531483543
5
34159
541500601
548252751
548766075
550679351
4
39468
561924601
569722543
570163625
572088371
5
44368
584319129
592974923
593611169
595528583
10
49763
609042435
618863339
619254879
621166011
10
54966
635707057
646367453
647227065
649150683
4
60097
664739787
676288147
677125301
679039695
7
65560
695917423
708618003
709427289
711340393
9
70963
729405693
743224739
743814565
745733227
12
76077
764858817
779554551
780276547
782195371
10
81283
802412937
818045329
818886705
821152432
10
86418
842524079
859267651
859764981
861999468
7
91972
884329795
901866749
903023931
908790166
10
96906
932116109
950494631
951679643
953924746
11
102083
978463397
997924693
998955003
1004698378
8
102397
1029324251
1048980203
1049971099
1055737498
12
97448
1079282665
1097945647
1098844625
1104645350
9
92655
1127153777
1144854799
1145804238
1151611426
11
88042
1173062269
1189859683
1191278975
1193225898
10
84112
1213891819
1229854967
1231157827
1233072083
14
80138
1252906377
1268179363
1269335927
1271249311
8
76225
1290506717
1305379491
1305857481
1307776263
12
72757
1326068873
1340043063
1340935967
1342852055
12
70017
1360588205
1374013643
1374901269
1376819635
4
67140
1394058653
1407107839
1407737435
1409650311
5
64231
1426229579
1438730959
1439313149
1441226973
12
61720
1457338753
1469492939
1469905409
1471823083
14
59971
1487487371
1499149295
1499828041
1501736091
3
57855
1516898669
1528170359
1528961059
1530876395
8
56142
1545651517
1556550443
1557176281
1559083275
8
54682
1573418077
1583902773
1584882265
1586803087
10
54369
1601188435
1611715915
1612464361
1614375329
4
52894
1628482737
1638813051
1639476471
1641397391
4
52674
1655403173
1665660503
1666343079
1668260283
7
52590
1682274845
1692543511
1693173415
1695092969
5
55337
1709437269
1719866495
1721133591
1723048891
10
59588
1738725785
1750472747
1750825053
1752741877
10
63858
1769017399
1781201311
1782325391
1788054854
5
67571
1805043653
1817874379
1819063055
1824879894
11
70428
1842740897
1856445893
1857082367
1859035862
10
73497
1877397289
1891320353
1892415413
1894629528
4
75803
1913528809
1928119413
1929040281
1931315812
10
77527
1950649577
1965666369
1966444975
1972201862
12
79561
1991772857
2006760855
2008015078
2010277208
10
80635
2030355929
2045949567
2046712865
2052474826
6
81492
2072657837
2088451221
2089078349
2091346342
7
81501
2111591669
2127412087
2128006325
2133776478
9
81260
2154023605
2169847879
2170400087
2176151654
10
81286
2196150173
2211714733
2212681031
2218449162
9
80031
2238249811
2253574033
2257669257
2259935272
10
78874
2279526815
2294715227
2295543019
2301303222
10
77648
2320521193
2335309527
2336409743
2338651110
8
75857
2357658531
2372426269
2373203117
2378953178
12
73471
2397349297
2411478529
2412471533
2414770022
7
71184
2432663105
2446401571
2447337989
2449285206
15
68728
2466748843
2480031403
2480775363
2482687547
10
66449
2499668823
2512510151
2513223579
2515143075
8
65009
2531788097
2544341411
2545099765
2547021191
6
63953
2563594501
2576159003
2576523593
2578439187
8
62566
2594636645
2606820115
2607448921
2609360199
12
62392
2625399167
2637354193
2638285331
2640202655
6
62439
2656231365
2668174793
2669112433
2671022311
4
62045
2687050111
2699100335
2699750073
2701659391
7
62436
2717665501
2729603919
2730630047
2732548849
10
63091
2748704325
2760748295
2761707867
2763624595
9
63860
2780114781
2792513187
2793169433
2795084083
5
64783
2811690831
2824237299
2824992371
2826907383
7
65532
2843777321
2856521095
2857086558
2862804574
8
67416
2879926589
2892833755
2893815601
2895761996
2
68453
2913286471
2926573735
2927136281
2932883806
8
69188
2950348013
2963618635
2964562637
2966518010
10
70366
2984391171
2998020723
2998717835
3000924690
13
71609
3018856417
3032523395
3033746319
3035685578
11
72851
3054119061
3068240421
3068860625
3070780327
9
73612
3089275513
3103408533
3104383711
3106301115
3
74635
3125154229
3139637331
3140218555
3145959998
6
75085
3164928895
3179563063
3179966519
3182232004
5
75811
3201216721
3215849575
3216623609
3222378646
10
74875
3240980269
3255239447
3256341535
3262129666
14
75455
3281197341
3295973379
3296330321
3302084400
10
74680
3320877095
3335440963
3336042155
3337993920
14
73871
3356579129
3370775027
3371760745
3373677339
5
73322
3392126949
3406221127
3407121417
3409036983
8
72089
3427246189
3441095527
3442041689
3443953639
9
71298
3461899609
3475516943
3476643099
3478864634
10
70931
3496829835
3510629999
3511207263
3513467058
13
70026
3531108485
3544625579
3545689023
3547924966
16
69357
3565426313
3578708807
3579681675
3581623212
5
68086
3598975965
3612077623
3612927771
3618701530
6
67506
3635756789
3648577721
3649735847
3651988326
5
66814
3668989689
3681792089
3682714583
3684654870
5
66780
3701782417
3714701211
3715541762
3717449799
11
66519
3734296693
3746897405
3748089765
3749998979
11
66467
3767039589
3779894067
3780647287
3782564555
12
66086
3799403141
3812011379
3813062535
3814978665
4
66759
3832137499
3845116099
3845823675
3847736995
5
66377
3864720849
3877508231
3878319253
3880578010
9
67444
3897941845
3911231777
3911614109
3913930470
11
67984
3931168801
3944195527
3945210145
3950965734
5
68297
3968438681
3981789277
3982258457
3984209738
12
68970
4001857331
4015266131
4015990385
4017906527
8
69886
4035828505
4049421903
4049894657
4051813595
5
69752
4069524745
4082930067
4083830321
4085756787
11
71068
4103890889
4117818507
4118175409
4120089679
8
71701
4138379209
4152484919
4153080013
4155001059
6
71543
4173143825
4187023543
4187748949
4189988510
9
72477
4208309931
4222364829
4223087913
4225033142
13
72069
4243081609
4256710063
4258056623
4259978115
4
71809
4278191481
4292116111
4292823289
134426
12
72111
18340585
32196555
33052363
35289894
8
71855
53491757
67433279
68112273
73852462
9
71533
92027025
105956849
106570509
112308922
10
71640
130475989
144356151
145112125
147069718
6
71509
165147321
178949517
179753439
181670119
11
70998
199694885
213369483
214099167
219833766
8
70713
237631069
251137399
252244830
254191888
10
70362
271971049
285422023
286362249
288606098
10
69948
306224021
319530367
320616801
326350360
4
69665
343935345
357285253
358236323
360184406
12
69327
377682697
390850873
391935695
397614710
8
69106
415380253
428954079
429369335
431318078
6
68997
448943205
462306451
462951639
464868747
9
68902
482399989
495676759
496459139
498372473
10
68349
515786677
528979239
529739115
531651235
9
68746
549059581
562173681
563366283
565274495
10
68339
582643943
595768859
596690085
598613639
9
68335
616104769
629326523
630047599
631963391
5
68877
649491693
662789063
663620637
665535247
11
68684
682975447
696180199
697056943
698971077
9
68769
716350953
729465963
730572273
732486221
13
69499
750148619
763572819
764405345
766659734
8
69181
784297175
797670075
798662159
800604298
5
69823
818341073
831847411
832758795
834671231
10
69764
852449807
865925667
866691031
868611175
7
70119
886512649
900125015
900796215
902708317
8
70579
920661617
934308627
934993239
936906899
9
70761
955045387
968891167
969342243
971255555
9
71004
989332863
1003083261
1003797365
1009469774
6
70495
1027268901
1040824137
1041736947
1043685134
12
70512
1061574193
1075139143
1075945823
1077869511
6
71103
1095945765
1109671919
1110351866
1112265763
8
70374
1130243161
1143941039
1144572115
1146487847
8
70797
1164302637
1177715683
1178787069
1180716175
5
70493
1198709225
1212424207
1212993141
1218653080
5
70037
1236566469
1250236451
1250708419
1252658130
7
70456
1270578165
1284212051
1284997219
1286911691
6
70109
1304621421
1318084991
1319047163
1320956575
11
70020
1338674191
1352089961
1352987527
1354901083
12
70233
1372702989
1386234205
1387021611
1392720302
13
69832
1410554501
1424141967
1424737387
1430440354
5
70007
1448342853
1462036803
1462406049
1468184816
6
70000
1485750867
1499058907
1500109509
1505894830
8
69931
1523546889
1536978657
1537855991
1540118254
10
69444
1557643401
1570842885
1571759415
1576881662
12
69308
1594364069
1.17647058823529e-09

0
