NEURON -- VERSION 7.2 twophase_multisend (549+:08f55733e693+) 2010-12-15
 '--prefix=/home/hines/neuron/replay' '--with-nrnpython' '--enable-bluegeneP' '--with-paranrn' '--with-multisend=allreplay' '--host=powerpc64-suse-linux' 'BG_BASE=/home/hines/BGP/IBM_V1R4M2/bgp/comm' 'BGlinux=/bgsys/drivers/ppcfloor/gnu-linux' 'CC=/home/hines/BGP/IBM_V1R4M2/bgp/comm/comm/bin/mpixlc' 'CXX=/home/hines/BGP/IBM_V1R4M2/bgp/comm/comm/bin/mpixlcxx' 'host_alias=powerpc64-suse-linux'
/home/hines/perf1/powerpc64/special -mpi -c ncellpow=15 -c done=0 init.hoc -c {xopen("temp.hoc")} -c finish()
methodinfo 80
nhost 16384
MemSize 536870912
UsedMem 82591480
FreeMem 454279432
use2interval = -1
ncellpow = 18
ncon = 10000
nconrange = 100
mininvl = 20
maxinvl = 40
ranoffset_ = 1
connect_random_low_offset_ = 1
run_random_low_offset_ = 2
n_xcell = 0
use2phase = 0
burstfactor = 0.2
burstdur = 50
burstsize = 0
bgpdma = 0
compress_bufsize = 10
series = 1
binqueue = 1
selfqueue = 1
tstop = 200
spkfile = 0
done = 0
setuptime = 0.34
mkmodel_time = 4.09
setup_method_time = 0.19
set_maxstep_time = 0.0800002
stdinit_time = 0.0999999
runtime = 3.89
methodrun_time = 4.18
elapsed_time = 97.29
jobid = 0
seq = 21
@@@end header@@@
1207
308004514
308333505
310817279
0
0
310819873
311218838
311229224
313370299
0
0
313372007
313531119
313550307
315694395
0
0
315695589
315853000
315868452
318011995
0
0
318013129
318172396
318212203
320361983
0
0
320363625
320523152
320543775
322683715
0
0
322685233
322844192
322864949
325003743
0
0
325004951
325165572
325181186
327321047
0
0
327322569
327478596
327508033
329654595
0
0
329655833
329814716
329829294
331968179
0
0
331969665
332128736
332151013
334291357
0
0
334292633
334452470
334467356
336609075
0
0
336610741
336771110
336785508
338928079
0
0
338929517
339090288
339123699
341260755
0
0
341262021
341420702
341454699
343599479
0
0
343600973
343760936
343780415
345922067
0
0
345923545
346082242
346104327
348246323
0
0
348247825
348406408
348424848
350573535
0
0
350575005
350732084
350754305
352894251
0
0
352895761
353055860
353072350
355213083
0
0
355214553
355373118
355392607
357544591
0
0
357546541
357724204
357747137
359889419
1
13027
370345493
380753327
381603109
383766107
1
13101
394440393
405156471
405607095
407774239
0
13196
418351617
428951849
429790203
431955387
1
13035
442434281
452926797
453737493
455900747
2
13134
466594361
477262107
477739375
479903327
1
13137
490574413
501210387
501740229
503902045
0
13157
514561669
525258663
525742951
527915199
1
13138
538559765
549183391
549719099
551881459
2
13158
562582429
573316799
573788701
575964667
1
13224
586667319
597398195
597930799
600100097
0
13101
610750197
621410251
621899327
624063993
1
13223
634658347
645237555
646111603
648279511
1
12918
658873143
669426771
669814691
671982735
1
13189
682604067
693189955
693935001
696098311
0
13088
706569817
717063263
717907519
720072129
1
13072
730652825
741204711
741892971
744065183
0
13039
754603275
764958443
765587345
767757479
1
13072
778284849
788797853
789531399
791696711
0
13111
802249523
812798409
813537411
815698417
1
13024
826248561
836757457
837380907
839553257
0
300
840116681
840652531
840688255
842842009
0
964
844066735
844946591
845072011
847240335
0
1627
849096425
850550463
850696723
852864213
0
2296
855345707
857332707
857489561
859657509
0
2951
862678073
865167567
865429937
867597783
0
3548
871114813
874154875
874305827
876471175
0
4259
880417467
883809287
884341801
886511013
0
4935
891152895
895325583
895451979
897622095
0
5584
902668837
907214593
907683643
909851439
0
6290
915519361
920704347
921011569
923180933
0
6790
929215837
934778193
935185559
937350927
0
7624
943877945
949948129
950700585
952873129
1
8261
959986945
966729323
967127925
969296707
1
8898
976911585
984219591
984549363
986710739
0
9543
994789053
1002621775
1002997873
1005162683
1
10117
1013618331
1021815871
1022322819
1024489081
1
10925
1033559109
1042379603
1042843965
1045017955
2
11387
1054323397
1063533475
1064142373
1066310831
1
12115
1076194525
1086000367
1086532503
1088693495
2
12856
1099070975
1109506545
1110090751
1112253939
2
12841
1122680731
1133149443
1133552619
1135717675
1
12070
1145568431
1155440139
1156020531
1158188589
1
11615
1167715707
1177083339
1177637548
1179799099
0
10975
1188818403
1197649219
1198304779
1200471683
1
10499
1209092489
1217474903
1218304955
1220473287
0
10002
1228789871
1236844007
1237535345
1239702225
0
9583
1247736153
1255467923
1256000211
1258165147
0
9182
1265871957
1273275385
1273868261
1276046391
0
8679
1283499227
1290684355
1290994207
1293154209
0
8357
1300382043
1307235823
1307692669
1309856995
0
7978
1316739479
1323193371
1323687129
1325852265
0
7679
1332520849
1338783007
1339318575
1341485635
0
7357
1347933433
1353953375
1354380887
1356549663
0
7199
1362919113
1368876951
1369208573
1371376447
0
7011
1377689467
1383543707
1383800761
1385964701
2
7028
1392258097
1398164063
1398372189
1400538819
1
6708
1406481009
1411852019
1412490267
1414657483
0
6813
1420702885
1426276535
1426789157
1428954239
2
6628
1434872333
1440305539
1440725877
1442891271
0
6618
1448907863
1454380247
1454752311
1456913975
0
6825
1463026449
1468656139
1469002325
1471167323
2
7495
1477754965
1483899729
1484319653
1486496339
0
8010
1493458301
1499941617
1500461445
1502628315
0
8453
1509957937
1516899939
1517346255
1519508323
1
8735
1527027375
1534169779
1534618159
1536797639
0
9201
1544665725
1552130293
1552720291
1554880691
0
9585
1562969985
1570675015
1571264909
1573429911
0
9704
1581595157
1589386979
1590052495
1592215301
1
9909
1600631257
1608765763
1609181137
1611340459
0
10123
1619845159
1628082399
1628658943
1630823303
3
10089
1639345877
1647611199
1648024697
1650186651
0
10098
1658604285
1666759107
1667479571
1669642499
2
10221
1678209595
1686407107
1687057735
1689222163
0
10060
1697654889
1705765683
1706389637
1708551365
0
9961
1717040857
1725204811
1725490457
1727657547
0
9767
1735947033
1743943365
1744376939
1746534079
1
9490
1754652113
1762477251
1762812955
1764978579
1
9508
1773165323
1781022431
1781277985
1783441231
0
9125
1791088431
1798338359
1799089411
1801263995
2
8914
1808741749
1815838741
1816690689
1818853229
0
8688
1826393833
1833563283
1833806871
1835973145
0
8255
1843117161
1849862703
1850306821
1852468411
0
7983
1859528097
1866191527
1866354781
1868514831
0
8085
1875527299
1882071885
1882590523
1884753027
0
7980
1891696045
1898198839
1898668717
1900833253
0
7841
1907640329
1913985947
1914516603
1916678467
0
7812
1923453537
1929800439
1930406579
1932576319
1
7791
1939345997
1945646603
1946163639
1948334439
0
7637
1954964025
1961183849
1961681535
1963845099
1
8062
1970766823
1977271315
1977857143
1980031407
2
8092
1987081823
1993705211
1994157307
1996323175
1
8209
2003418717
2010099059
2010646569
2012813921
1
8207
2019989627
2026795427
2027056561
2029223163
0
8295
2036312185
2042984367
2043617339
2045783291
0
8558
2053069569
2059903723
2060633607
2062800887
0
8806
2070446473
2077796095
2077936037
2080113475
2
8875
2087541233
2094630883
2095364325
2097535551
2
8980
2105174527
2112439651
2113021491
2115184389
1
9112
2122900171
2130240479
2130901941
2133068003
0
9156
2140902821
2148428663
2148775569
2150933485
0
9044
2158678465
2166056115
2166501115
2168665815
1
9391
2176605567
2184204711
2184685941
2186851663
0
9416
2194721635
2202223003
2202943197
2205112055
1
9501
2213159773
2220919843
2221337747
2223495379
1
9308
2231527309
2239209543
2239420875
2241583999
0
9384
2249564763
2257212911
2257654747
2259831409
0
9083
2267593067
2275026487
2275478821
2277643455
0
9259
2285556629
2293142617
2293607771
2295771471
0
9111
2303462699
2310834327
2311425815
2313594867
1
8916
2321229483
2328522517
2328966935
2331138227
1
8577
2338450161
2345493659
2345962295
2348127661
0
8736
2355630797
2362771175
2363241155
2365410893
2
8644
2372892201
2380026587
2380398145
2382562423
0
8459
2389888209
2396806879
2397199715
2399363747
0
8342
2406465781
2413111269
2413883517
2416053987
0
8510
2423411977
2430389515
2430829193
2432992481
0
8304
2440139253
2446863571
2447450019
2449620865
0
8314
2456608133
2463119629
2464058053
2466227655
0
8291
2473466095
2480250943
2480612747
2482791651
1
8398
2490009235
2496761023
2497276659
2499445989
0
8299
2506636335
2513438759
2513883025
2516042707
0
8312
2523150049
2529828547
2530497135
2532663875
1
8473
2539998557
2547038691
2547333505
2549501491
3
8568
2556965303
2564038787
2564370375
2566538175
0
8644
2574026047
2581122407
2581571891
2583737611
1
8801
2591268305
2598490767
2598971271
2601140737
1
8627
2608679987
2615791843
2616024903
2618190661
0
8744
2625675929
2632749635
2633329353
2635493147
1
8737
2642996961
2650095619
2650625943
2652794259
0
8957
2660415241
2667735231
2668303617
2670475663
1
8773
2678133057
2685406739
2685709667
2687876631
0
8989
2695559613
2702876527
2703358777
2705523303
1
8982
2713156813
2720313419
2721028771
2723194759
0
9114
2730926297
2738320145
2738876323
2741044095
3
9019
2748778669
2756120477
2756616127
2758781887
0
9065
2766486643
2773786551
2774426211
2776592227
0
9034
2784414007
2791914979
2792144507
2794312541
0
9024
2802017857
2809329205
2809916423
2812079123
1
8866
2819531987
2826563477
2827389969
2829551063
0
8801
2837088041
2844253335
2844782177
2846947647
1
8952
2854571843
2861761493
2862386116
2864548837
0
8813
2872041897
2879160573
2879793281
2881970883
0
8695
2889551449
2896819131
2896965459
2899130427
1
8753
2906512733
2913528013
2914253173
2916422591
0
8599
2923955361
2931125915
2931311643
2933479467
0
8512
2940911011
2948014167
2948267143
2950425075
0
8636
2957836457
2964840707
2965370935
2967529859
0
8585
2974878637
2981818577
2982463009
2984628173
1
8456
2991863151
2998716531
2999328701
3001496511
0
8583
3008705641
3015484801
3016337321
3018503175
0
8555
3025888245
3032946543
3033353287
3035518463
1
8670
3042999837
3050112467
3050531383
3052698421
0
8637
3060057285
3067014841
3067635623
3069797743
1
8665
3077219953
3084248539
3084808105
3086981255
0
8552
3094420847
3101453563
3101770077
3103933823
0
8493
3111163901
3117969207
3118636721
3120803953
3
8568
3128101121
3135010683
3135629631
3137799849
0
8656
3145318159
3152428177
3152703991
3154871219
0
8806
3162379317
3169510439
3170053861
3172218043
0
8844
3179889937
3187244871
3187487371
3189666427
1
8849
3197299881
3204551011
3204896899
3207064815
1
8879
3214652127
3221898371
3222380461
3224551239
1
8905
3232159417
3239365315
3239958889
3242125067
0
8739
3249664225
3256906099
3257313205
3259476653
3
8819
3267013601
3274253193
3274732821
3276898917
2
8947
3284589133
3291911667
3292376535
3294540577
1
8930
3302109643
3309324423
3309923955
3312087447
0
8841
3319608993
3326748559
3327363705
3329522423
0
8886
3337132441
3344377699
3344785485
3346953207
1
8804
3354547361
3361779303
3362126999
3364297503
0
8802
3371735715
3378718051
3379475925
3381640039
0
8802
3389072627
3396061839
3396879805
3399042985
1
8756
3406495481
3413632349
3414119973
3416285827
0
8665
3423653253
3430669435
3431271153
3433435715
0
8848
3441023977
3448227267
3448658915
3450827387
0
8674
3458291167
3465389675
3465786691
3467951755
0
8809
3475497001
3482668915
3483107613
3485271987
0
8734
3492934353
3500223687
3500424827
3502587567
0
8663
3509942323
3516825079
3517576913
3519748993
0
8735
3527267705
1.17647058823529e-09

0
