NEURON -- VERSION 7.2 twophase_multisend (548:312f182308de) 2010-12-14
 '--prefix=/home/hines/neuron/replay' '--with-nrnpython' '--enable-bluegeneP' '--with-paranrn' '--with-multisend=allreplay' '--host=powerpc64-suse-linux' 'BG_BASE=/home/hines/BGP/IBM_V1R4M2/bgp/comm' 'BGlinux=/bgsys/drivers/ppcfloor/gnu-linux' 'CC=/home/hines/BGP/IBM_V1R4M2/bgp/comm/comm/bin/mpixlc' 'CXX=/home/hines/BGP/IBM_V1R4M2/bgp/comm/comm/bin/mpixlcxx' 'host_alias=powerpc64-suse-linux'
/home/hines/perf1/powerpc64/special -mpi -c use2phase=0 -c done=0 init.hoc -c mkmodel(18,10000) -c doseries(123) -c use2phase=1 -c doseries(23) -c finish()
methodinfo 93
nhost 8192
MemSize 536870912
UsedMem 120497656
FreeMem 416373256
use2interval = -1
ncellpow = 18
ncon = 10000
nconrange = 100
mininvl = 20
maxinvl = 40
ranoffset_ = 1
connect_random_low_offset_ = 1
run_random_low_offset_ = 2
n_xcell = 0
use2phase = 1
burstfactor = 0.2
burstdur = 50
burstsize = 0
bgpdma = 1
compress_bufsize = 10
series = 1
binqueue = 1
selfqueue = 1
tstop = 200
spkfile = 0
done = 0
setuptime = 0.96
mkmodel_time = 8.19
setup_method_time = 0
set_maxstep_time = 3.45
stdinit_time = 0.2
runtime = 21.74
methodrun_time = 25.22
elapsed_time = 126.99
jobid = 0
seq = 4
@@@end header@@@
5629
3872195370
3872210329
3872639722
3872667212
0
0
0
0
0
0
0
0
0
3872668622
3873041648
3873043192
3873050904
3873072723
0
0
0
0
0
0
0
0
0
3873074684
3873172438
3873173985
3873183336
3873192201
0
0
0
0
0
0
0
0
0
3873193918
3873289816
3873291046
3873296616
3873306467
0
0
0
0
0
0
0
0
0
3873308193
3873402606
3873403736
3873411072
3873419675
0
0
0
0
0
0
0
0
0
3873421432
3873514404
3873515534
3873520580
3873529663
0
0
0
0
0
0
0
0
0
3873531271
3873625062
3873626244
3873632508
3873640705
0
0
0
0
0
0
0
0
0
3873642385
3873735834
3873736966
3873743266
3873751477
0
0
0
0
0
0
0
0
0
3873753225
3873846664
3873847794
3873852417
3873860237
0
0
0
0
0
0
0
0
0
3873861805
3873954938
3873956070
3873962042
3873970015
0
0
0
0
0
0
0
0
0
3873971653
3874065154
3874066326
3874071372
3874079795
0
0
0
0
0
0
0
0
0
3874081551
3874175168
3874176298
3874180612
3874188567
0
0
0
0
0
0
0
0
0
3874190211
3874282876
3874284146
3874289268
3874297511
0
0
0
0
0
0
0
0
0
3874299203
3874392650
3874393884
3874398604
3874406859
0
0
0
0
0
0
0
0
0
3874408589
3874501780
3874502910
3874507420
3874515439
0
0
0
0
0
0
0
0
0
3874517057
3874610072
3874611206
3874616356
3874624321
0
0
0
0
0
0
0
0
0
3874625919
3874719754
3874720926
3874725772
3874733969
0
0
0
0
0
0
0
0
0
3874735739
3874828172
3874829302
3874835734
3874843941
0
0
0
0
0
0
0
0
0
3874845555
3874938586
3874939724
3874945506
3874953579
0
0
0
0
0
0
0
0
0
3874955219
3875050538
3875051714
3875056844
3875065199
0
0
0
0
0
0
0
0
0
3875066957
3875160386
3875161520
3875167616
3875176727
0
0
0
0
0
0
0
0
0
3875178357
3875270858
3875272142
3875280128
3875288845
0
0
0
0
0
0
0
0
0
3875290495
3875384484
3875385660
3875392434
3875401417
0
0
0
0
0
0
0
0
0
3875403101
3875496478
3875497612
3875505146
3875513923
0
0
0
0
0
0
0
0
0
3875515547
3875607832
3875608966
3875617528
3875626269
0
0
0
0
0
0
0
0
0
3875627917
3875722172
3875723348
3875730076
3875739057
0
0
0
0
0
0
0
0
0
3875740811
3875834132
3875835266
3875842712
3875851461
0
0
0
0
0
0
0
0
0
3875853093
3875945188
3875946322
3875954878
3875963603
0
0
0
0
0
0
0
0
0
3875965251
3876058982
3876060158
3876067114
3876076029
0
0
0
0
0
0
0
0
0
3876077725
3876171558
3876172692
3876179594
3876188387
0
0
0
0
0
0
0
0
0
3876189997
3876282782
3876283916
3876292128
3876300817
0
0
0
0
0
0
0
0
0
3876302435
3876396236
3876397412
3876404706
3876413679
0
0
0
0
0
0
0
0
0
3876415441
3876507682
3876508888
3876517597
3876526317
0
0
0
0
0
0
0
0
0
3876527949
3876621120
3876622332
3876630440
3876639265
0
0
0
0
0
0
0
0
0
3876640917
3876735104
3876736280
3876743784
3876752847
0
0
0
0
0
0
0
0
0
3876754601
3876848294
3876849500
3876856714
3876865575
0
0
0
0
0
0
0
0
0
3876867231
3876959586
3876960720
3876969254
3876978169
0
0
0
0
0
0
0
0
0
3876979777
3877073418
3877074672
3877082338
3877091349
0
0
0
0
0
0
0
0
0
3877093037
3877185190
3877186324
3877194992
3877204213
0
0
0
0
0
0
0
0
0
3877205825
3877299116
3877300250
3877308010
3877316879
0
0
0
0
0
0
0
0
0
3877318531
3877413962
3877415138
3877421060
3877430045
0
0
0
0
0
0
0
0
0
3877431743
3877524482
3877525618
3879330946
3879348565
0
0
0
0
0
0
0
0
0
3879351376
3935022292
3935030528
3942010013
3942037695
0
0
0
4608
33891087
74
5552
1678934
5745724
3942039440
4001515956
4001537853
4013298354
4013326664
0
1
5826
4519
61386414
58
4348
1770421
5832328
4013330530
4077071784
4077076386
4083266026
4083294646
0
1
5748
4624
93596071
70
5251
1803884
5939775
4083297760
4143998788
4144018163
4154428161
4154456550
0
1
5777
4661
121612288
58
4348
1812339
6008965
4154460618
4212786732
4212802092
4224474393
4224502382
0
2
11548
4556
147821985
56
4200
1765970
5799284
4224506454
4285116052
4285132251
1117790
1145494
0
0
0
4719
175491589
58
4352
1881484
6143347
1149322
63868724
63885097
72773594
72801358
0
1
5797
4633
206163075
66
4948
1782088
5918330
72804502
133922570
133927155
143294489
143322527
0
1
5782
4609
234952827
61
4580
1824655
5973845
143325344
211367604
211371944
214002922
214031106
0
1
5762
4655
271320151
82
6150
1778659
5983992
214034073
277753064
277764946
285989729
286017838
0
1
5744
4633
303025774
69
5175
1790750
5954766
286021870
346678178
346688195
357991118
358018982
0
1
5758
4647
331352979
59
4427
1788308
5921676
358022270
416495352
416515712
427913651
427941419
0
2
11600
4633
357172599
55
4125
1784513
5961370
427945496
490867828
490878147
499581657
499609640
0
0
0
4691
387686022
66
4950
1828632
6071107
499613144
561978862
561991873
571971003
571998778
0
0
0
4666
417375294
62
4649
1833169
6006596
572001646
637964888
637979556
644373794
644402151
0
2
11540
4750
451144951
75
5623
1763634
6046121
644405358
711950466
711954846
717266201
717293908
0
0
0
4555
487088742
82
6150
1732646
5784471
717296460
783257636
783269406
788142322
788169698
0
1
5711
4648
521373412
76
5700
1809861
5994618
788173458
850964592
850981203
859868557
859896792
0
1
5732
4618
552078204
66
4950
1838826
6087211
859899500
919729000
919755403
932989050
933016951
0
1
5833
4642
579248642
57
4275
1795653
5885837
933021000
1001394500
1001398996
1004953089
1004982380
0
1
5797
4676
615730579
83
6229
1764933
5934371
1004986016
1069602132
1069610568
1076493778
1076521979
0
0
0
4730
647799399
69
5179
1864802
6122982
1076525512
1141076188
1141083452
1146962271
1146990896
0
1
5718
4594
680563656
72
5401
1768473
5873534
1146993674
1209098056
1209106346
1219010003
1219037045
0
1
5693
4675
710450913
65
4874
1794490
5991761
1219040678
1283832552
1283840070
1289958305
1289986688
0
0
0
4618
743136125
71
5325
1827953
5998772
1289990178
1355244924
1355249466
1360915506
1360944125
0
1
5787
4561
776710456
75
5625
1797083
5917053
1360947646
1423435654
1423447698
1432377768
1432405774
0
0
0
4551
807683310
67
5025
1761663
5827640
1432408288
1494843490
1494858341
1504592074
1504619602
0
1
5803
4729
837518459
63
4723
1882944
6147260
1504623886
1573578508
1573582998
1578227454
1578256158
0
1
5742
4593
875060309
87
6524
1727727
5823345
1578259374
1639321588
1639331651
1650036777
1650064452
0
0
0
4624
903792217
61
4575
1848549
6006531
1650068464
1708993206
1709010791
1721093313
1721121334
0
1
5823
4574
930583462
57
4277
1745841
5796102
1721125482
1786129820
1786134664
1792617129
1792645391
0
0
0
4580
963799124
72
5397
1801013
5923513
1792647535
1861033420
1861037858
1865120843
1865149417
0
2
11542
4610
1000771723
85
6375
1743411
5854259
1865152676
1930593236
1930597768
1937038447
1937067062
0
0
0
4624
1034617864
76
5697
1760519
5914940
1937070190
1998817344
1998837887
2007399710
2007427478
0
0
0
4564
1064138118
62
4648
1812429
5887255
2007430912
2070559108
2070562980
2077785588
2077814225
0
2
11523
4550
1096546016
72
5397
1779062
5866614
2077817472
2142534704
2142545402
2148073735
2148102010
0
0
0
4650
1129131840
71
5325
1875906
5985067
2148105128
2205247304
2205268961
2220185022
2220212841
0
1
5770
4719
1152712372
49
3678
1811546
5946292
2220216924
2285986960
2285993730
2291268530
2291296306
0
1
5849
4642
1186319344
74
5551
1799507
5945279
2291298098
2355347780
2355366053
2361703043
2361731102
0
1
5738
4610
1218564554
70
5254
1783386
5885983
2361734332
2426715976
2426719838
2432333833
2432362354
0
1
5760
4572
1252431250
76
5701
1759804
5843128
2432365701
2443351868
2443356036
2445317740
2445345767
0
0
0
46
1252864467
1
75
19883
58492
2445349068
2448627574
2448629408
2450258668
2450673364
1
0
0
171
1254902005
5
374
61126
206413
2450676232
2453899072
2453906790
2457254293
2457893743
1
0
0
277
1256277657
3
224
104386
344376
2457896550
2464909210
2464911778
2466368218
2466853896
1
0
0
393
1260785802
10
750
148772
497901
2466856131
2473462234
2473464154
2477030572
2477326354
1
1
5748
524
1263941382
7
525
203126
666371
2477329540
2485371472
2485373500
2489150655
2489329426
1
0
0
638
1267616341
8
600
243434
816341
2489332734
2498716826
2498719210
2503425482
2503634030
1
0
0
711
1272104800
10
749
282134
905938
2503637244
2512693070
2512696616
2519463598
2519604278
1
0
0
861
1274919850
6
450
326451
1104305
2519607932
2534153724
2534161848
2537605985
2537739140
1
0
0
1011
1282815956
18
1351
376900
1277696
2537741668
2554039912
2554043150
2557759521
2557886170
1
0
0
1116
1291539729
20
1499
429216
1386584
2557889598
2576328216
2576331454
2579400396
2579518154
1
0
0
1202
1301870809
23
1726
464950
1525650
2579520989
2598513298
2598516386
2602538824
2602666966
1
1
5797
1329
1312060583
23
1725
476023
1616100
2602670120
2623759314
2623763596
2627178264
2627316640
1
0
0
1379
1323736264
25
1879
507135
1710255
2627318623
2649449216
2649452642
2655234590
2655368962
1
2
11566
1572
1335336588
26
1949
624420
2019290
2655373052
2672021600
2672025924
2683623610
2683766762
1
0
0
1674
1339582842
9
675
629458
2122733
2683771070
2707297220
2707308364
2714232229
2714370594
1
0
0
1797
1350593632
24
1802
726847
2343719
2714374280
2739610364
2739612984
2746973040
2747117950
1
0
0
1870
1362869750
27
2026
749281
2422495
2747121522
2770266744
2770277564
2781587446
2781615511
0
0
0
2065
1371340642
18
1351
796646
2643578
2781619066
2812640712
2812644086
2817604300
2817754020
1
0
0
2148
1387680460
37
2777
792959
2710069
2817757206
2847881000
2847893571
2855879797
2855908622
0
0
0
2302
1401986717
31
2324
914476
2956909
2855912266
2889311334
2889315092
2894972328
2895000242
0
0
0
2326
1419301999
38
2849
903902
2967318
2895002678
2924045304
2924054827
2935226105
2935253966
0
1
5801
2475
1430666898
23
1724
939573
3091141
2935258091
2970954512
2970961825
2977925999
2977953958
0
1
5752
2623
1448434216
39
2926
1032223
3386950
2977957508
3014826496
3014844257
3021617546
3021645542
0
0
0
2748
1466394020
39
2924
1060698
3513646
3021649190
3061270782
3061280538
3067703659
3067732086
0
0
0
2916
1486060768
42
3149
1172547
3776580
3067735300
3107091442
3107103455
3114125732
3114152706
0
1
5744
2935
1504625669
39
2924
1199045
3838320
3114155372
3159216076
3159219994
3163597769
3163626062
0
1
5788
3129
1528540584
54
4051
1216113
4018375
3163629250
3206008676
3206022447
3214024626
3214052870
0
0
0
3172
1548816218
44
3299
1267174
4139771
3214056274
3260350896
3260355046
3266887808
3266915626
0
0
0
3307
1572599744
53
3976
1276082
4218801
3266918778
3312793242
3312808129
3320559033
3320586550
0
0
0
3403
1594698328
47
3522
1321323
4391259
3320589888
3370010444
3370014600
3375925277
3375953916
0
1
5693
3553
1619945044
56
4200
1392357
4560669
3375957174
3422309370
3422319267
3433159913
3433186926
0
0
0
3568
1641330465
46
3453
1399471
4596141
3433190424
3486154802
3486181818
3492351173
3492379117
0
0
0
3865
1668080409
58
4349
1518092
4972219
3492381442
3542385584
3542400668
3553897366
3553925092
0
1
5833
3865
1690932131
49
3674
1553620
5029069
3553929132
3609398950
3609407828
3615844946
3615873417
0
0
0
3997
1719036777
60
4502
1543021
5146487
3615876068
3667141716
3667163791
3678276459
3678304734
0
2
11569
3995
1741955811
48
3600
1572039
5153035
3678308684
3733828760
3733838223
3743069240
3743097376
0
1
5732
4188
1768722064
58
4350
1623209
5365926
3743101212
3802291670
3802308373
3809406434
3809433815
0
0
0
4383
1797981094
63
4723
1708761
5665325
3809436514
3871691726
3871703373
3877914016
3877941911
0
1
5743
4451
1829723947
69
5177
1746773
5692662
3877945528
3942146356
3942155297
3949700693
3949728376
0
1
5777
4650
1862297552
71
5328
1794239
5931567
3949730882
4013592368
4013596240
4019605983
4019634074
0
1
5762
4642
1894222480
69
5177
1798088
5952614
4019637442
4077811092
4077826391
4089523355
4089551274
0
1
5826
4499
1920387119
56
4198
1762721
5831065
4089555124
4148620916
4148654374
4155751290
4155779111
0
0
0
4266
1949274797
61
4574
1675984
5512178
4155781735
4214162514
4214178463
4221446150
4221474377
0
2
11560
4236
1978046730
62
4651
1671193
5452957
4221477780
4284951260
4284954978
4285768418
4285797053
0
1
5803
4230
2012672066
80
6004
1587615
5349109
4285799886
43251796
43270127
53870617
53899170
0
0
0
4015
2036559065
51
3823
1528096
5091004
53902790
107257062
107289373
115171398
115198911
0
0
0
3920
2062380434
55
4127
1552572
5046284
115200978
172633604
172637372
175355595
175383284
0
1
5758
3862
2093359829
70
5250
1461233
4948306
175385854
226766902
226802172
236918339
236945770
0
1
5718
3747
2118423142
53
3974
1426779
4780364
236948466
287197432
287201652
294462561
294490478
0
2
11523
3630
2143077798
54
4052
1420984
4688144
294494034
346012696
346016558
352446251
352475322
0
0
0
3559
2170066280
61
4575
1351465
4538916
352478566
399964414
399975198
407486143
407514034
0
0
0
3421
2193294437
51
3824
1373759
4392576
407518188
452386616
452394128
460936129
460965046
0
0
0
3383
2214525462
45
3376
1288020
4288444
460968906
509618072
509621888
514718839
514747426
0
1
5751
3400
2239824656
57
4277
1296222
4359633
514750326
564419616
564423466
566287819
566315483
0
0
0
3238
2266921342
63
4724
1241549
4092327
566318736
611273100
611285666
617997315
618025053
0
0
0
3321
2288902758
46
3452
1298083
4228366
618026740
659759324
659770011
667430777
667458256
0
2
11596
3130
2308523473
42
3149
1246272
4079466
667462060
708758980
708762794
715284713
715312353
0
0
0
3023
2328262435
42
3149
1198470
3912165
715315619
758911608
758920572
762689547
762717562
0
1
5770
3005
2350979919
50
3749
1154458
3847076
762720308
804429020
804435784
809235685
809263390
0
1
5823
2920
2372405440
48
3599
1129667
3721167
809267004
848783058
848792240
855735710
855763162
0
0
0
2823
2391898676
41
3075
1117070
3624888
855765747
898492160
898496102
901592012
901620246
0
2
11495
2846
2415231741
54
4048
1073888
3621994
901623262
938560536
938575802
946624715
946652477
0
0
0
2688
2433042773
39
2925
1065617
3483521
946655958
981476760
981491820
989895877
989923472
0
0
0
2677
2448900708
34
2549
1068915
3463066
989926992
1023528080
1023540514
1032463878
1032491376
0
0
0
2597
2463840498
32
2400
1022405
3340815
1032495004
1070363404
1070367162
1074295513
1074323694
0
0
0
2587
2483472834
42
3150
1069333
3401461
1074325370
1107601324
1107609568
1116540442
1116568382
0
2
11571
2588
2498383653
31
2326
1011851
3319843
1116571435
1148475584
1148487632
1156625424
1156652756
0
1
5738
2475
2512440439
30
2251
988231
3175633
1156656620
1189321852
1189329216
1197727226
1197754817
0
0
0
2455
2527742233
33
2473
998617
3224068
1197758318
1230325140
1230337603
1238928797
1238956081
0
0
0
2492
2542641342
31
2324
1000291
3255650
1238960225
1275892336
1275920706
1280443880
1280471352
0
1
5772
2542
2561798373
41
3076
1030675
3324684
1280474110
1311024972
1311035004
1320528272
1320556121
0
2
11557
2453
2574505013
26
1948
936766
3073658
1320559673
1354812088
1354815976
1360893261
1360921237
0
1
5788
2327
2592252505
40
3004
922985
2984774
1360924692
1393291258
1393299768
1399297683
1399325942
0
0
0
2372
2608153362
35
2623
944346
3053908
1399328862
1432097016
1432100988
1439239875
1439267798
0
0
0
2390
2624489675
36
2700
938699
3062007
1439270960
1470519520
1470526920
1478943783
1478971622
0
0
0
2391
2638858964
31
2323
936425
3021300
1478974974
1511744486
1511748236
1517277770
1517305454
0
0
0
2328
2655114996
33
2474
936753
3017500
1517308224
1546682150
1546700394
1555773731
1555801137
0
3
17332
2341
2667717546
27
2027
924994
3009930
1555804934
1589011520
1589021533
1594501379
1594529044
0
0
0
2384
2684445092
37
2776
919894
3040562
1594532209
1628942668
1628946596
1633170995
1633199082
0
0
0
2351
2702581646
41
3076
921092
3007196
1633202431
1667595028
1667598582
1671415129
1671443401
0
0
0
2363
2720681082
41
3077
899596
3017459
1671446956
1703866172
1703873374
1711715743
1711743602
0
0
0
2456
2735861418
32
2400
947121
3144600
1711746299
1746853252
1746862813
1754923089
1754950466
0
1
5833
2646
2752859242
36
2698
1047658
3394694
1754953158
1793319592
1793326606
1799513851
1799541822
0
1
5782
2665
2772835230
45
3373
1029730
3403972
1799545122
1839745560
1839752708
1845822055
1845850258
0
0
0
2785
2794069707
48
3601
1078899
3574548
1845853474
1883645188
1883655058
1892304233
1892331970
0
0
0
2827
2811994817
39
2924
1120530
3651778
1892335262
1929639478
1929651887
1938862500
1938890846
0
0
0
2954
2828889535
36
2700
1157730
3789567
1938894640
1978465556
1978469941
1988422586
1988450606
0
0
0
2966
2847407786
39
2923
1178331
3824501
1988454352
2030367726
2030374092
2038624182
2038651862
0
1
5711
3070
2868030908
43
3226
1228451
3937760
2038654781
2081987044
2081999151
2088528050
2088555985
0
2
11476
3119
2890099757
49
3677
1194700
3970512
2088559818
2134661788
2134673164
2139360821
2139389442
0
0
0
3190
2914413544
55
4124
1190657
4057567
2139392852
2186336656
2186340562
2191130123
2191158994
0
0
0
3327
2938913710
55
4124
1264757
4206165
2191162804
2234187824
2234206373
2243719646
2243747514
0
0
0
3303
2958565232
42
3152
1296857
4292156
2243751180
2290719672
2290731654
2297662392
2297689830
0
0
0
3417
2981953231
51
3827
1376629
4469699
2297693306
2342419114
2342433479
2351463192
2351491502
0
0
0
3420
3002577144
44
3302
1336224
4345320
2351495226
2399701644
2399713952
2406589289
2406617098
0
0
0
3441
3027024573
53
3977
1356201
4466471
2406620604
2452893804
2452909779
2462343330
2462370922
0
1
5826
3464
3049232401
48
3603
1378238
4489185
2462374447
2508221616
2508240069
2516845388
2516873590
0
0
0
3547
3070281440
45
3377
1400502
4582797
2516877154
2564304072
2564320081
2572753637
2572781574
0
0
0
3526
3092969802
49
3675
1365289
4508708
2572785334
2627789736
2627793554
2628479322
2628507321
0
0
0
3627
3123219926
68
5095
1391602
4679569
2628508891
2676480606
2676496863
2684396758
2684424404
0
2
11455
3571
3146029526
48
3605
1418943
4631914
2684428380
2736227412
2736231364
2740157408
2740185778
0
1
5781
3580
3173122867
61
4574
1406362
4632949
2740189340
2786781578
2786795823
2797054869
2797083126
0
0
0
3586
3194571401
46
3449
1405731
4630392
2797086527
2847054208
2847070947
2852748920
2852776474
0
0
0
3493
3220086711
57
4275
1335778
4441928
2852779628
2905734108
2905740904
2908594981
2908622870
0
0
0
3639
3248040475
61
4576
1417905
4665672
2908624794
2959084752
2959088788
2965612906
2965640682
0
2
11520
3619
3273242030
54
4049
1455518
4737553
2965644008
3018343856
3018347822
3020975487
3021003991
0
1
5849
3525
3301579117
65
4878
1334498
4529442
3021007264
3064895184
3064912259
3078533674
3078561098
0
0
0
3560
3319939758
39
2926
1374748
4574478
3078564734
3129122310
3129126158
3133780806
3133809430
0
0
0
3548
3345868701
58
4351
1357082
4549389
3133813218
3185008512
3185012416
3189708089
3189736339
0
0
0
3527
3372816560
61
4573
1311088
4430274
3189739078
3238054588
3238058618
3245745761
3245773814
0
0
0
3511
3396826272
53
3974
1380171
4553040
3245777822
3293457792
3293464950
3299446672
3299474362
0
0
0
3390
3420422427
51
3825
1361803
4416781
3299477546
3347258610
3347262326
3352810332
3352838640
0
1
5751
3392
3444723822
53
3977
1303896
4343507
3352841722
3400956632
3400963612
3406567141
3406594766
0
1
5732
3360
3469342964
54
4051
1329696
4285068
3406598198
3453347604
3453361472
3459711899
3459740162
0
1
5788
3363
3492542312
51
3825
1330402
4356069
3459743290
3509103928
3509107782
3513241283
3513269642
0
0
0
3369
3518889548
60
4500
1261250
4279489
3513272620
3554516144
3554533391
3565550909
3565578448
0
0
0
3311
3536429485
37
2775
1281659
4240620
3565582364
3606561716
3606578433
3616250849
3616278525
0
0
0
3152
3554584714
38
2847
1234948
4033232
3616282368
3661933196
3661937028
3668104528
3668132952
0
1
5803
3157
3578220388
52
3902
1264135
4116444
3668136342
3711191828
3711207903
3718277386
3718304877
0
1
5744
3093
3599569683
47
3523
1218620
4009582
3718307778
3759201228
3759213610
3767910819
3767938318
0
0
0
3041
3618941008
42
3150
1201017
3912375
3767941772
3807435064
3807450417
3816539925
3816567372
0
0
0
3081
3636405661
36
2699
1242945
4017185
3816570210
3855802190
3855821669
3864593584
3864621341
0
1
5819
2989
3654204789
37
2774
1170749
3812784
3864625054
3907397706
3907406948
3911960363
3911988325
0
1
5752
2869
3676739251
49
3672
1123163
3663420
3911991354
3952705424
3952709154
3957097983
3957125622
0
2
11543
2799
3698020434
47
3525
1073099
3570517
3957128710
3993633448
3993650631
4002136410
4002163906
0
1
5823
2871
3714410489
35
2625
1122969
3659548
4002167796
4043194614
4043199836
4048418132
4048446061
0
0
0
2892
3735499246
46
3451
1117250
3680856
4048447860
4087941856
4087946250
4096003065
4096030530
0
1
5797
2816
3755327293
44
3300
1096503
3578043
4096033904
4137796454
4137805808
4141948562
4141976464
0
0
0
2922
3777243803
48
3601
1096039
3711608
4141979262
4183127458
4183136590
4187119082
4187146673
0
1
5770
2805
3798849540
48
3600
1080657
3591844
4187149645
4224956332
4224965642
4231059618
4231087613
0
1
5738
2714
3817547439
41
3075
1078997
3523407
4231091164
4264499904
4264518103
4276430801
4276458259
0
0
0
2769
3831254551
29
2175
1049929
3460987
4276462082
20072768
20077080
26701078
26729576
0
0
0
2816
3850402320
42
3149
1090753
3587538
26732988
64155918
64159764
71480884
71509107
0
0
0
2690
3868583101
38
2850
1069655
3495745
71511760
106477524
106484691
115939474
115967620
0
2
11596
2723
3884372552
33
2475
1061667
3422039
115970854
151526520
151534944
161917658
161944500
0
1
5760
2773
3900346211
34
2550
1108171
3609367
161948474
199409528
199419351
206695382
206722921
0
0
0
2702
3918652707
39
2926
1089759
3482613
206725990
246323760
246327532
250599455
250627334
0
1
5748
2641
3939649465
47
3524
1031596
3379853
250629950
289707284
289711016
294850737
294878465
0
1
5747
2839
3959259391
42
3151
1144433
3712914
294881698
334787450
334791352
342506783
342534467
0
1
5787
2792
3979473011
43
3227
1114666
3595024
342537732
378690768
378705529
388449989
388477661
0
2
11483
2845
3995491427
34
2550
1115099
3651172
388481444
427683820
427696053
435643763
435671946
0
0
0
2859
4014699870
41
3077
1114524
3653769
435675558
474102724
474115371
481628741
481655902
0
1
5693
2840
4033195013
40
3000
1159679
3744147
481659250
519463288
519478522
528723712
528751789
0
0
0
2950
4050117132
35
2627
1158937
3788958
528755276
569549592
569558960
575812445
575840360
0
1
5833
2907
4070536036
45
3376
1169701
3782477
575843622
619315492
619319240
622475637
622503814
0
0
0
2945
4093769233
53
3978
1121304
3757753
622506912
663885228
663889528
670922027
670949922
0
0
0
2913
4114861841
47
3526
1126031
3739232
670953326
712867416
712880161
717910583
717938251
0
0
0
2847
4136928573
50
3750
1110815
3644814
717941550
755379504
755389346
766355245
766382930
0
0
0
2982
4153367140
35
2626
1181030
3844791
766386802
800869268
800886000
814249694
814277578
0
0
0
3024
4165679438
26
1951
1182190
3833648
814281152
854261928
854276051
863442728
863471150
0
0
0
3080
4183921268
39
2924
1205165
3956954
863474814
904529950
904543949
915088405
915116178
0
0
0
3161
4202734079
39
2923
1277236
4111306
915119894
959550940
959560460
965822867
965850882
0
1
5762
3131
4225330432
49
3675
1203251
4035556
965854554
1008116874
1008125893
1015849501
1015876630
0
1
5781
3145
4245572410
43
3224
1235244
4044980
1015879266
1061547376
1061551090
1066593653
1066621692
0
1
5732
3197
4269231153
52
3902
1225457
4077984
1066624378
1110247216
1110259666
1117194875
1117222422
0
1
5782
3159
4290778357
46
3452
1251017
4075733
1117226060
1162073156
1162082212
1168867049
1168895034
0
1
5718
3190
18755321
50
3754
1230046
4058005
1168897674
1211137024
1211152879
1219838218
1219865977
0
1
5777
3204
38432440
42
3149
1244891
4155702
1219869820
1263701804
1263717335
1271083125
1271111022
0
0
0
3231
59649076
46
3448
1293974
4175749
1271114324
1314773044
1314783275
1321881664
1321910146
0
0
0
3267
80546143
45
3371
1314235
4234282
1321913696
1366727228
1366735564
1373380106
1373408250
0
0
0
3212
102832905
49
3673
1279645
4144950
1373411790
1415378530
1415392785
1424140189
1424167830
0
0
0
3173
122361710
41
3074
1212625
4020889
1424171042
1471599424
1471603446
1476607620
1476636234
0
1
5744
3300
147038218
55
4127
1340617
4341937
1476639760
1522941056
1522948118
1531435815
1531463629
0
0
0
3272
170460239
52
3901
1270456
4250953
1531466734
1576527440
1576543853
1584883751
1584911346
0
0
0
3343
192188751
46
3451
1322762
4304074
1584914270
1629676848
1629694411
1637019277
1637047270
0
1
5758
3336
213892903
47
3525
1312888
4256262
1637050578
1684717078
1684723514
1692385642
1692413770
0
0
0
3371
238263041
52
3899
1317912
4364287
1692416378
1737075632
1737100137
1746168530
1746196481
0
2
11562
3287
259505298
45
3374
1319748
4308235
1746200242
1792657256
1792661594
1798349095
1798377176
0
1
5826
3308
283044670
52
3902
1292246
4268730
1798380806
1840191216
1840210865
1850716917
1850744658
0
0
0
3298
301465198
39
2924
1295520
4223170
1850748860
1895307384
1895319731
1902781405
1902809422
0
0
0
3309
322824261
46
3450
1294591
4240701
1902813296
1949978398
1949987530
1956000792
1956028556
0
0
0
3348
347201475
53
3978
1246593
4175261
1956031278
2000900180
2000910299
2006551671
2006579106
0
1
5801
3230
369171950
48
3599
1313664
4294561
2006583084
2052738032
2052748248
2057400534
2057427918
0
0
0
3200
392854064
53
3977
1240332
4150357
2057431936
2103656844
2103666815
2110139373
2110166708
0
0
0
3414
415808307
50
3750
1342421
4385265
2110170172
2155270786
2155279768
2160506456
2160534495
0
0
0
3149
438445887
48
3600
1249006
4069478
2160537140
2202406536
2202419524
2211333959
2211361492
0
2
11508
3272
457279920
40
2998
1313850
4303015
2211365304
2258451592
2258455340
2261789957
2261818204
0
0
0
3176
482287030
57
4272
1193425
4020732
2261821954
2310754640
2310758512
2311910414
2311939161
0
0
0
3124
509651053
62
4649
1174506
3935244
2311940912
2358845808
2358849706
2364070013
2364098249
0
2
11554
3194
534749276
57
4276
1206459
4049832
2364101646
2404485748
2404502770
2414582621
2414610010
0
0
0
3064
552978438
37
2773
1242633
3966396
2414613794
2457888944
2457893074
2464084545
2464112838
0
2
11586
2990
575282925
50
3752
1159604
3834063
2464116072
2503897796
2503920761
2512964680
2512992562
0
0
0
3103
593134800
37
2776
1199468
3953004
2512996180
2555307324
2555317612
2561443011
2561470850
0
1
5849
3061
614083051
46
3452
1197028
3929025
2561474282
2604301684
2604305416
2611347572
2611375198
0
0
0
3047
635563411
44
3300
1190456
3942410
2611378028
2651105266
2651138497
2660939866
2660967556
0
3
17296
3129
653048515
36
2700
1197107
3986394
2660971110
2705086400
2705090340
2707801292
2707830102
0
1
5752
2942
676321649
53
3974
1147760
3750673
2707833462
2753221148
2753225098
2756712151
2756740722
0
0
0
3040
701117580
57
4272
1126392
3857808
2756743128
2793679568
2793700627
2805190111
2805217603
0
0
0
2891
717140494
34
2551
1143478
3680717
2805221742
2843592806
2843602556
2852805151
2852833181
0
0
0
2956
734400620
35
2627
1185115
3829091
2852836002
2896464680
2896468566
2901101610
2901130217
0
2
11544
2865
757922571
52
3900
1112678
3681386
2901131932
2945941736
2945945498
2951285543
2951314047
0
2
11565
3055
782062240
55
4127
1158301
3868357
2951317274
2989590404
2989611311
2997928065
2997955798
0
0
0
2858
799754896
38
2851
1151716
3680681
2997959082
3036930836
3036943619
3045572404
3045599958
0
0
0
2992
817923849
39
2924
1162972
3822520
3045603516
3086237584
3086245474
3093691390
3093719667
0
0
0
2911
838043511
44
3301
1157407
3766119
3093723406
3134246122
3134260931
3141002222
3141029781
0
0
0
2828
858697869
45
3377
1111061
3661811
3141032538
3180408044
3180420782
3187939151
3187966526
0
1
5718
2925
877665808
41
3072
1151063
3802615
3187970214
3229330406
3229340114
3235088940
3235116395
0
0
0
3000
898211030
44
3302
1167967
3812125
3235119040
3279575116
3279578844
3284571101
3284599390
0
1
5833
2970
922186942
55
4127
1130170
3816649
3284602698
3325095556
3325105768
3332710913
3332738827
0
0
0
2909
942227509
44
3301
1151936
3751514
3332742086
3371767070
3371778024
3380739453
3380767644
0
0
0
2939
960839193
40
3001
1153047
3778097
3380771182
3421596690
3421607993
3427791713
3427819461
0
0
0
2945
981028310
44
3302
1163729
3785371
3427822874
3468464656
3468473974
3475258717
3475286586
0
0
0
2998
1001206373
44
3299
1150938
3783033
3475289886
3513924284
3513934713
3522198583
3522226727
0
0
0
2881
1019310850
38
2850
1136146
3695190
3522230695
3565924796
3565928530
3569896661
3569924701
0
1
5732
3033
1042421072
52
3899
1178985
3878702
3569928052
3612150508
3612154272
3618871543
3618899242
0
0
0
2985
1063668130
46
3449
1178394
3867609
3618902242
3657332934
3657345911
3667851460
3667878926
0
1
5777
2988
1080501445
34
2550
1200116
3857377
3667881728
3707150948
3707164933
3717013654
3717040985
0
2
11541
3091
1097966717
36
2699
1214006
3989605
3717044832
3760541018
3760547948
3765501110
3765529390
0
1
5758
3053
1120091035
49
3673
1213555
3954931
3765532662
3805497592
3805506718
3815639220
3815666903
0
0
0
3141
1138089691
38
2850
1233702
4037084
3815670770
3858459232
3858470242
3864803105
3864830644
0
0
0
3038
1159422643
45
3377
1202755
3929635
3864832348
3906547824
3906565799
3916259473
3916287042
0
2
11574
3163
1179041335
41
3076
1261205
4072655
3916290610
3962552536
3962556442
3965068729
3965097430
0
1
5772
3059
1204284950
58
4350
1121902
3811828
3965100700
4005982866
4005998841
4013284353
4013311839
0
0
0
3039
1223769541
42
3150
1198328
3907099
4013315646
4052463248
4052477634
4062741067
4062768740
0
0
0
3072
1241210531
37
2776
1233844
3974783
4062772426
4102622112
4102635658
4114112426
4114140060
0
0
0
3118
1259025920
38
2851
1232514
4012290
4114144036
4157117772
4157121602
4163660053
4163687165
0
0
0
3102
1280431176
46
3449
1190875
3962254
4163689750
4207631592
4207635658
4213387161
4213414869
0
1
5743
3015
1303173403
51
3824
1174888
3888737
4213418532
4259130632
4259134388
4263896022
4263924349
0
0
0
3160
1327131916
54
4049
1236712
4128771
4263927620
18626996
18630762
19432181
19460414
0
0
0
3169
1355313244
66
4950
1144390
3909962
19463956
60526462
60540115
69164893
69193004
0
0
0
3102
1374050362
39
2923
1234307
4042727
69195536
111104840
111120430
119022493
119050457
0
1
5693
3147
1394017723
43
3226
1252097
4085915
119053742
161606978
161612530
170052453
170080546
0
0
0
3142
1414350135
44
3299
1248169
4044393
170084665
213661188
213676795
222114711
222142214
0
0
0
3187
1435599400
45
3377
1290285
4148180
222145234
262818448
262843154
273548757
273576462
0
1
5787
3284
1453153926
37
2776
1266099
4174901
273580792
318905120
318909712
322278305
322306492
0
0
0
3061
1476718390
52
3900
1185405
3925964
322309104
367189336
367203315
372719437
372747385
0
1
5797
3238
1499409769
50
3751
1267784
4142668
372750986
422273676
422278130
423980066
424008849
0
0
0
3184
1526858729
62
4652
1212330
4048190
424010392
468531860
468536578
476264516
476293280
0
2
11473
3301
1548604057
45
3374
1326399
4284190
476296638
515360384
515382788
525882576
525910990
0
2
11631
3087
1565099129
35
2626
1228984
3988723
525914974
567515542
567533444
577650174
577677970
0
0
0
3234
1583907986
40
3000
1250026
4125130
577681898
622779966
622793110
627502589
627529934
0
0
0
3170
1606888246
50
3750
1238762
4077436
627532622
672324936
672335036
678574762
678602486
0
1
5799
3197
1629550701
50
3750
1230774
4098925
678605784
723836938
723841312
729834192
729861856
0
0
0
3202
1652475077
50
3749
1215475
4093434
729864508
771107284
771119968
780704781
780733451
0
1
5738
3178
1671035841
39
2925
1221974
4060973
780737560
822158044
822174180
830674815
830702862
0
1
5819
3125
1690083841
41
3076
1236150
4045195
830706236
874468322
874483036
882304494
882332842
0
0
0
3128
1711958822
47
3524
1214785
4026056
882336507
927502970
927510050
933215002
933243290
0
1
5744
3092
1735645025
51
3826
1187644
3950289
933245916
977827758
977832156
984391875
984420030
0
2
11570
3114
1758896411
51
3824
1171849
3918041
984422608
1025818458
1025836919
1035625957
1035653602
0
1
5801
3105
1778384778
41
3074
1234390
3986766
1035657272
1077987912
1078003591
1086105845
1086134010
0
1
5803
3125
1798687784
44
3296
1259077
4080845
1086137396
1131596996
1131607402
1137111223
1137138786
0
0
0
3150
1822325052
53
3974
1240198
4098157
1137141976
1179738206
1179756209
1187569502
1187597248
0
0
0
3105
1843134047
45
3376
1205967
3961081
1187601052
1234560194
1234564560
1236612537
1236640295
0
0
0
3097
1868784197
58
4352
1188607
3933577
1236642900
1276074476
1276087995
1287586407
1287614650
0
1
5797
3068
1886159107
37
2775
1218184
3960764
1287618756
1327733250
1327753533
1337351434
1337379779
0
0
0
3026
1904860778
39
2923
1159477
3832552
1337383022
1377305820
1377316945
1387086385
1387114390
0
1
5788
3013
1923456785
40
3000
1198717
3879495
1387118104
1427252164
1427277405
1437627678
1437655267
0
0
0
3115
1941726991
39
2924
1209979
3987644
1437659398
1479668960
1479676492
1487197438
1487225727
0
0
0
3035
1962329747
45
3373
1185720
3941631
1487228823
1529515686
1529520726
1536015140
1536042895
0
0
0
3103
1983009051
45
3375
1227378
4024502
1536046354
1577925776
1577933964
1584680661
1584708604
0
0
0
3054
2003322743
44
3298
1210755
3970325
1584711712
1629970240
1629974606
1632733079
1632760859
0
0
0
3032
2027716840
56
4202
1152703
3823111
1632763650
1671685142
1671701012
1682285558
1682313522
0
0
0
2984
2045458242
38
2851
1135877
3759198
1682317338
1724958456
1724969982
1732333832
1732361930
0
0
0
3079
2066809036
47
3524
1206508
4003368
1732364908
1773730872
1773741423
1780908511
1780937306
0
0
0
3007
2087047384
43
3224
1159173
3836725
1780940792
1826806772
1826811210
1829716478
1829745404
0
1
5770
3042
2111991010
53
3976
1151150
3838543
1829747322
1872243288
1872250906
1877499626
1877528445
0
4
23084
2930
2133892052
49
3682
1146001
3768302
1877531996
1917736416
1917741666
1925799330
1925827892
0
0
0
3018
2153299285
42
3150
1163637
3807201
1925831834
1965288934
1965298774
1974480850
1974508540
0
0
0
3002
2171441399
38
2849
1182713
3854358
1974512313
2017323116
2017328148
2023974571
2024002765
0
1
5742
3019
2193155775
48
3603
1201254
3942710
2024006046
2066618710
2066626860
2072094897
2072123123
0
0
0
3016
2214848720
48
3602
1179329
3891313
2072126650
2114450246
2114454740
2119768982
2119797601
0
0
0
2999
2236065930
46
3451
1174545
3880835
2119800712
2162372540
2162377086
2168064393
2168093178
0
1
5781
3094
2257474953
47
3526
1179999
3972419
2168096536
2209319496
2209332011
2217420588
2217448454
0
0
0
3062
2276960279
41
3076
1222683
3975528
2217451366
2258939584
2258955747
2267592303
2267619718
0
1
5718
3004
2297506098
45
3373
1163056
3797705
2267623396
2311362024
2311366776
2317010884
2317039126
0
0
0
3040
2320296482
51
3827
1164921
3853903
2317042333
2363219936
2363224268
2365550263
2365578047
0
0
0
3084
2345521506
57
4274
1152659
3872920
2365580542
2407504556
2407517539
2414189059
2414216871
0
1
5732
3085
2365787491
44
3301
1227752
4030415
2414220382
2457776728
2457781526
2463982451
2464010632
0
0
0
3068
2388214900
50
3749
1182758
3949248
2464013874
2507381092
2507385866
2513051691
2513080906
0
0
0
3045
2410679404
50
3749
1140596
3818358
2513084052
2558200728
2558205008
2561077537
2561105954
0
0
0
2985
2435058609
56
4203
1133975
3765792
2561109214
2606816878
2606821400
2608858410
2608887017
0
0
0
2987
2460110962
56
4200
1138905
3803034
2608888796
2648564256
2648578098
2658330170
2658357892
0
2
11537
3059
2478420173
38
2851
1224136
3964821
2658361222
2700164952
2700180792
2706999410
2707027530
0
1
5693
3031
2499016017
45
3375
1187793
3968954
2707031060
2744601644
2744619902
2756618331
2756646614
0
0
0
3057
2514712563
33
2475
1172063
3838333
2756650766
2799042112
2799059263
2805490303
2805518466
0
0
0
3094
2535468762
45
3377
1234842
4013380
2805521982
2851379756
2851384290
2854749426
2854777506
0
0
0
3072
2559697577
55
4124
1254103
4090170
2854781784
2901137012
2901141418
2905344761
2905372637
0
0
0
3128
2584653071
57
4275
1173799
3918200
2905375750
2948066988
2948076152
2954018173
2954046938
0
0
0
3082
2605716392
46
3451
1234811
4015014
2954050622
2995895456
2995912729
3006086391
3006114034
0
0
0
3172
2625306100
42
3150
1269214
4113162
3006117410
3049992800
3049997184
3055550889
3055578962
0
0
0
3165
2647137443
47
3525
1208327
4038887
3055582090
3098112776
3098125580
3107067267
3107095210
0
1
5762
3112
2667809580
45
3374
1219446
4027310
3107098482
3149573150
3149586704
3157336215
3157363978
0
0
0
3135
2688214381
42
3149
1277516
4087144
3157366820
3199828264
3199838798
3207980108
3208007994
0
2
11625
3131
2708612280
43
3225
1265105
4087831
3208011478
3246602890
3246619353
3257966418
3257994726
0
1
5758
3177
2724287420
32
2398
1240968
4013584
3257998198
3302176404
3302184926
3307575478
3307604030
0
1
5803
3113
2746505744
49
3675
1228566
4020710
3307607424
3350195998
3350204452
3358910278
3358938822
0
0
0
3129
2767217485
45
3376
1242075
4044552
3358942312
3403607498
3403611956
3406992056
3407020564
0
0
0
3035
2790744214
52
3899
1161032
3880321
3407023722
3448580168
3448593345
3458491718
3458519318
0
1
5849
3110
2810239281
39
2924
1197835
3935904
3458522526
3500908904
3500921844
3509156742
3509184786
0
3
17280
3126
2830650452
43
3222
1246459
4045399
3509188752
3556193062
3556197774
3561871882
3561899778
0
1
5772
3273
2855209503
54
4048
1256363
4142226
3561902164
3604677544
3604695407
3612262139
3612289897
0
1
5743
3103
2875914380
44
3300
1226932
3973697
3612292979
3658711592
3658716016
3662540690
3662568525
0
1
5744
3137
2900661418
54
4048
1205763
3977648
3662570336
3704343234
3704350568
3711907380
3711935786
0
2
11620
3025
2920834973
43
3225
1232066
3896979
3711938996
3753224344
3753240068
3760683564
3760711794
0
1
5823
3062
2940755323
43
3226
1193660
3917061
3760714640
3804403268
3804408138
3810919492
3810947486
0
0
0
3170
2962355016
47
3527
1288083
4152233
3810951210
3855491396
3855496252
3860224067
3860251819
0
0
0
3131
2985191033
51
3823
1203803
4009193
3860255118
3902131432
3902144218
3911462209
3911489626
0
0
0
3111
3005127415
43
3224
1244831
4070640
3911493050
3950140124
3950164393
3961707506
3961735114
0
0
0
3107
3021264479
32
2403
1190485
3929616
3961738760
4008025050
4008029460
4011445057
4011472664
0
2
11580
3163
3045641315
54
4048
1217478
4058104
4011475046
4053097456
4053109724
4060185671
4060214278
0
1
5751
3020
3065838041
44
3301
1176156
3896047
4060218216
4103605506
4103616321
4111058211
4111085820
0
0
0
3127
3087354062
45
3372
1279519
4077230
4111088510
4154454372
4154464842
4161110801
4161138798
0
2
11594
3114
3109174481
48
3604
1192716
3968122
4161142412
4202064298
4202069247
4210767019
4210794798
0
0
0
3061
3128277223
40
3003
1213339
3925872
4210798392
4254092136
4254096846
4260687898
4260716574
0
1
5781
3062
3150407276
49
3678
1160454
3901943
4260719678
6995608
7000586
15810330
15838112
0
0
0
3136
3169494039
40
3000
1259206
4041855
15842228
53523606
53546502
65793801
65821935
0
1
5752
3043
3185083117
33
2475
1181467
3862409
65825874
106824032
106835259
115837561
115865224
0
0
0
3057
3204568207
42
3149
1196628
3925542
115868882
157083964
157094591
165469740
165497897
0
0
0
3086
3224147022
42
3148
1219117
4014757
165501586
209392792
209403856
216708378
216736393
0
0
0
3180
3246077342
48
3601
1236626
4110201
216739536
256302752
256316079
265504137
265531534
0
0
0
3077
3263466254
37
2775
1192555
3880397
265535202
308194460
308199282
315852383
315880234
0
0
0
3016
3284864192
47
3528
1199796
3924040
315883748
357975922
357990639
364644068
364672202
0
0
0
3145
3305254287
42
3149
1238942
4088711
364675576
406389196
406394146
415872404
415900706
0
2
11480
3142
3324813525
42
3149
1213334
3993023
415904260
459629992
459634812
466269270
466297730
0
0
0
3093
3346915134
49
3675
1217980
4026053
466301008
508189010
508206671
515572833
515601113
0
0
0
3133
3366798456
43
3226
1214103
4024141
515604742
560029096
560033668
565947785
565975250
0
0
0
3115
3389389637
50
3754
1257100
4043243
565978826
608324668
608334270
614960421
614988255
0
0
0
2977
3410598163
47
3524
1180242
3852070
614992034
658695602
658701916
664336101
664364394
0
0
0
3162
3432896715
49
3674
1263232
4125089
664367860
664368024
690621845
690809176
705528813
1
0
0
2972
3458994948
62
4653
27010
85765
705534407
1.17647058823529e-09

10
401
3319997814
984795792
935381865
927585916
900318209
911864920
904277325
892689943
899672376
896885713
893098985
892761044
893599087
891466617
892089981
896288222
903101288
898563933
912103727
916887354
918856942
920100281
923936712
920454862
921564142
922989678
918528933
918719864
922131488
921927795
922400767
924567194
925541352
928188072
925609989
922253212
925124251
925984027
923923825
924912737
15732362528
513541618427
583992492172
573174648337
582960252731
573817239841
586636134191
587005143751
577706703576
579243376899
589713284868
589837939253
572802716756
587106424246
593015531784
593122794918
597133811269
580615353318
587584919390
599001280431
589529799014
586061488219
577278227235
590214811036
581207578819
581282498329
585419416082
591579670930
603219705814
588260929582
582094373833
585926085123
593947753063
589148287634
576402858011
576597929256
575801629169
590730936420
582319667263
576999981834
578612655938
106357822352
43644568801
59149639669
73402991609
85788561616
98328475009
117183885770
130825671958
148565129212
165043319997
177209546098
189633696077
201931629154
229800143958
232637416259
250707640523
268264015138
282605326995
296048554798
312556231824
320245877515
329755356493
349798884462
357923279478
377537012391
380290165996
405274265671
413096253564
433055506636
439674094981
453559664009
468866381919
484896614541
504186233318
507474703155
511437178997
530783597141
543434861142
561212093022
588077356381
572664501544
572763297096
542539471379
538171340625
526928299147
516662922497
502180216602
493024782243
504325706424
471399908520
475001080075
450889489340
437861911901
440587709469
422453271883
423604216903
404959643367
392018105773
388340419796
381306550202
380929854781
375653462738
368907833088
354477173316
348718539857
342682796027
346072344067
328375523656
336706214234
337517517045
340093515838
328372943007
330671032712
314609259359
327205110569
325255336478
314033568527
315359076100
317256377531
316780004985
313296398731
330144202826
353954302698
365283011650
379359066273
380781780475
381408285336
405994822803
411253164836
408804182379
416427834184
424094409135
430815051119
441898091051
440734226330
451594097262
456738311738
446481381044
457998179776
456506233024
458075018989
456791375563
466104260945
456246102726
457490373219
467091314064
453529139069
471513935430
452587662316
458155297552
459061932345
439918031447
437156635149
440374866818
435361772480
438510812439
428520369347
415334701499
424785739905
411016854575
406596173573
398369995574
393655535514
388029492379
369766864154
368955043667
379141621691
389813191282
376386811819
370036271534
359961186573
371678351131
370587660287
366836833455
364203417144
376653527022
366820509810
359661481919
362506709203
390390322050
376373416464
386611555864
376710094547
385802765891
385749635449
382264597001
396873521771
384929333143
396860149344
392347168709
402993914855
423079769301
415617009741
409816382837
415697930428
414524576949
423299405843
417550735979
419803171661
416141712771
421875458299
415826331278
429811325740
449155431213
437844752748
427093079379
453562945159
440589127153
427460630049
428995963627
426515199133
435974218010
414109696631
416553957868
432039353817
412608403546
416379004051
413332372899
410587957559
427292168899
413799890373
405518183501
400425023752
397135817729
408818819761
406258385184
383889062744
400678062268
397133681720
390060979772
395641951657
411108524137
382096233120
390303304018
394190638608
387570469464
384506580847
386247380150
405361541690
394361538930
393447817795
385451792249
388851121459
384531755813
390739695700
401205362588
401243790177
402735250090
397210523059
410729864397
402751349443
421530369039
399845384956
394983024342
405149254403
420835060162
405894316840
407363292906
413768392217
413723503912
407414668240
408432068807
418032457615
426498998741
421338859044
399201000026
413212937112
419926917168
428315654036
406470831694
424078632497
408391946621
418384553166
419916881508
416731614404
409353791600
422951546916
417059080411
419240593588
419709827659
413530091979
417834402490
413355133505
401761777856
417577703762
407673988084
407430721492
414033613825
406075521160
399914799684
398665549950
393646654440
405933146132
409997539768
397923988842
399834870076
391439051468
395670667960
398799361153
405451436392
394202581172
390547021795
395635188864
404327370079
411005136860
404837554894
397633716397
398450191697
407906040510
401977087199
393426608360
391420864841
405268620190
398703505434
406474703663
400362664105
403527667125
414476930991
398735459506
426542443430
405213269461
422020720520
411804813336
414874380030
409485955493
406398556147
420535728886
393886096837
421885589969
415046707215
431842481117
412798216400
411880569579
404413553883
399574130299
411531239942
403904684906
419741745531
411608020388
407450738526
399283192797
416748181751
410031722151
406783822563
408951691163
410334941660
409464142971
409958380530
406587829057
419746079250
399735023042
412452101010
399703227991
419657463630
412853989869
403894020723
412671842104
401506478459
404490462016
337224959857

401
407056
120989
114470
113588
110282
111482
110816
109240
110198
109780
109258
109362
109400
109122
109216
109754
110670
110070
111694
112494
112561
112774
113146
112804
112908
113092
112566
112584
113052
112948
113008
113318
113376
113726
113360
113012
113310
113446
113162
113282
1923221
62691751
71290570
69969720
71164407
70048336
71612983
71657890
70522834
70710822
71988892
72004140
69924556
71670516
72391820
72404766
72894369
70878067
71729123
73122591
71966285
71542868
70470828
72049720
70950890
70959373
71464628
72216547
73637129
71811348
71059030
71526437
72506037
71919527
70363978
70387663
70290662
72112676
71086096
70436890
70633972
12985332
5329382
7221496
8961346
10473119
12003856
14305837
15971501
18136309
20147876
21633129
23149538
24650867
28052744
28399188
30605064
32748084
34499821
36140412
38155668
39094805
40255620
42702478
43694114
46088502
46424336
49474078
50429163
52865776
53673568
55368352
57236740
59193872
61548626
61949684
62433502
64795236
66339610
68510037
71788944
69907515
69919841
66230076
65697010
64324460
63071390
61303776
60185545
61565884
57546157
57985865
55042335
53452078
53785068
51571323
51711842
49435681
47856120
47406947
46548280
46502794
45858444
45034794
43273268
42570582
41833489
42247691
40086930
41104263
41202896
41517831
40086907
40367718
38406900
39944468
39706094
38337210
38498200
38729689
38671624
38246440
40303137
43209904
44592402
46310498
46484582
46561224
49562403
50204262
49905008
50836002
51771429
52591784
53944793
53802649
55128365
55756564
54504237
55910352
55728490
55919638
55763301
56899919
55696252
55848084
57019957
55364620
57560202
55249770
55929100
56040410
53703124
53366043
53758978
53146952
53531352
52311668
50702104
51856084
50175517
49635317
48631488
48056187
47369099
45139590
45040700
46284065
47586676
45947572
45172580
43942614
45373400
45240290
44781963
44460548
45980288
44780234
43906278
44253976
47657910
45946179
47196046
45987246
47097385
47091255
46665450
48448538
46990805
48446908
47896359
49195566
51647626
50736845
50028859
50746710
50603368
51674810
50972464
51247725
50800542
51500736
50762228
52469556
54830615
53450152
52137291
55369004
53784756
52182526
52369871
52067347
53221582
50553041
50851358
52741314
50369530
50829300
50457525
50122822
52162242
50514758
49504389
48882144
48480788
49907389
49594302
46863786
48913307
48480512
47616914
48298476
50186352
46644744
47646765
48121248
47313289
46938842
47151571
49484992
48142096
48030432
47054622
47469284
46942104
47700077
48977668
48982136
49164272
48489952
50140094
49166440
51458706
48811845
48217824
49459324
51373656
49549936
49729769
50511326
50506032
49735372
49859528
51031756
52065328
51435233
48732815
50443053
51263114
52286871
49620027
51769379
49854446
51074465
51261612
50872440
49972115
51631897
50912660
51179367
51236072
50482076
51007355
50460488
49045260
50976714
49767214
49737900
50543096
49571840
48820076
48667553
48054757
49554378
50050682
48576808
48810171
47785131
48301868
48683520
49495889
48122474
47676182
48298003
49358373
50173680
49421209
48541386
48641028
49795504
49071609
48027664
47783086
49473270
48672338
49620740
48875018
49260717
50597280
48675946
52070385
49466424
51518590
50271393
50646214
49988376
49611328
51337130
48083829
51501650
50667196
52717603
50392495
50280618
49368950
48778732
50238149
49307208
51240120
50247187
49740192
48742790
50874545
50055045
49658456
49923082
50092115
49985326
50045914
49634427
51240616
48798106
50350124
48793738
51229607
50399405
49305960
50377076
49014208
49379119
41167306

401
1847441565
798215346
760138551
761634052
743941030
756863295
757119993
756661550
755429293
755287666
755798784
755044423
755519548
755947313
757162429
755911014
756306422
756447085
769432308
755419849
758774417
759373966
758325621
758195367
758932227
757939462
758392158
758282331
759695945
758468340
758763160
758937930
759313626
758472575
759421496
759990530
759715718
758825886
759325681
758524643
4205563935
416661885470
494696677690
492870724578
502232786133
494439511070
508349175523
498381608922
495921694534
496030118429
502623324454
498552774551
500707597666
500541056077
501125201068
503902718759
496301308693
497451091466
502432897115
501600918854
505047739095
502921965370
495872252461
507058454727
498720173952
496380025760
489285297328
504859077458
497912433000
499481285467
496784315276
494893045129
499793664297
498292084474
495791152810
489476125363
500909015589
502310855028
496802860211
493317550661
492944062293
89403547968
18524187756
28455653753
41463047654
54133824566
66298714953
79865581179
91508977349
104296639868
116683798337
127850029403
139070247176
149027281687
170380039629
178527158169
193787421978
202465262159
219279745000
228614868852
246731612113
254128874540
262180145160
281508011436
294715287031
310329263220
316824376532
334905316342
340457989933
353771123329
369344904095
382246684453
386712293136
410451066869
418116458390
427568196976
437382217482
449354143732
468716191655
479260999117
496211331075
492970003194
487743012884
465817075629
459172067269
454866466914
435576278400
425362620895
415005602886
409427558664
395184234950
388625184562
377977545098
370241379428
363223105011
352641290720
350436537490
339132292074
327567534965
323532972516
316732706799
305240587923
305776649217
298238056193
291340366485
283089976666
280817249836
280917682033
271268097219
267274413215
268666988330
273854240756
264341305068
255890642221
257709226782
257991883301
262059266294
253498031696
254741536335
253149379255
253191216621
255874671597
264182088016
279425054331
289391158442
300301148054
309295717344
316743660266
326440862006
328746805422
337233140004
346216103030
354545129905
361898707263
368319917257
372985264359
369106400335
375649719236
379678033335
384877186836
387775272607
385045593540
386473971680
386734529239
385286173899
390180839135
390119206839
381824895634
387543383085
378314208177
384035815064
379265070241
370001108164
363986459367
362633876780
365599417422
361818536555
354331581251
345995533403
344022082437
339105910080
334093504196
331826370122
321910826030
312765939983
305103631540
306665681691
312011369228
306802912862
308164373111
303176851014
298706877600
301490506410
302494036764
296724841877
295479477033
299763346966
294878121102
292073217353
305024970846
308798878193
309331380926
309853893049
310372562738
316977824839
314092789880
314770509504
318002048691
316907239652
322959400883
329999050704
333385005284
339008369488
339355680280
340194382878
345388290788
342125157553
347583653017
348963341858
349941693400
350141173822
347871190363
345592498628
358321166707
358588001612
360855586995
359898196189
363778646697
363232944882
356244691223
357022591373
356385320619
361476922513
350060791845
348063975014
360983713811
348265202119
350312606813
347483878870
342401625321
341181057419
331214548308
328291732604
336817989947
331874342381
327777078879
333709032549
322826772777
326515900770
317894466608
321924488440
319178821552
330895489657
316074526337
322379014849
322800085016
315365780218
317258858031
317748838602
324609307696
318951093543
316444781635
319377936425
322537722625
315150150265
324487781837
323116434308
324784942488
330556004922
329716319651
332725624561
330380702289
342000684789
333757446562
330102979213
330907530941
337768538414
337699870011
333109213479
339820351569
344488046121
337780533631
338446744481
340194223295
347657976630
351672129903
339024369542
350919413537
346423682332
352317826902
340304647918
351724855316
342477565577
346545004262
345492134310
345852124769
346255513971
342291853851
338702791114
337248204520
337675317096
340093584022
345460659620
337084728435
339328417692
335227583608
332529452486
332235689325
338398157118
330541569774
330310575725
327234304370
326216638930
329308211688
332051217246
329385898353
329629608420
322527631714
326352654138
329446343654
328928374518
330034367993
326701649825
331841502292
332382856781
331694593034
331124663455
330354241695
333622126698
327314526697
329485854320
326309636339
326419195023
327360448453
329325892198
330775531150
332296706574
336069631592
338794618128
336638638055
341423725528
337183935236
341638766830
341320368202
340527051463
343087427535
340508186024
340760192251
331074984740
336554395807
338845386111
347962654102
338775940057
345239898538
339625601488
333268348979
344046639123
342415070891
340066864795
336411462050
339457887194
334884993154
340152475394
338884671901
337096859592
332542015240
338962044110
331498881290
334496936537
334483607076
342984251162
336467825579
331382786042
332199055924
341868253549
333730514015
337286247378
339520122994
327566157008
334507908401
152649805745

401
375980
107142
100535
100761
97603
99464
98665
98003
98245
97789
98217
97917
97981
97783
98137
98167
98623
98412
100163
98691
99521
99815
99749
99545
99745
99777
99577
99549
100247
100060
100137
99941
100027
100709
100111
99743
100215
99888
99737
99849
1893798
62651026
71248801
69928848
71123330
70006952
71572493
71617829
70481933
70669233
71947615
71963569
69883952
71629984
72350479
72364259
72853421
70836840
71687142
73080852
71925282
71502480
70429371
72008386
70909268
70917651
71423335
72175083
73596245
71771073
71017361
71485322
72464864
71879241
70322269
70346692
70249104
72071964
71044916
70396258
70591975
12944473
4903722
6571925
8464821
10166648
11814443
14085763
15818734
17991409
20009528
21503744
23010274
24501219
27906754
28244614
30455140
32591364
34458684
35977997
38114973
39053867
40214688
42661049
43653874
46047538
46383643
49433934
50388793
52824836
53632523
55328898
57196311
59152859
61507748
61908755
62392106
64754827
66298490
68469134
71748714
69866443
69878939
66189438
65655944
64284373
63030963
61262562
60144483
61523994
57505978
57944535
55001373
53411421
53744218
51530384
51670705
49395152
47815186
47366870
46507985
46461075
45817404
44994123
43231891
42529611
41793074
42207682
40046546
41062848
41163104
41477103
40046869
40326088
38366660
39903533
39665463
38295120
38457778
38687609
38631210
38205500
40261736
43168926
44550865
46269877
46443014
46519921
49521300
50163347
49865061
50795807
51730612
52551092
53903979
53761650
55087632
55715851
54462723
55869608
55688019
55878608
55722685
56859468
55656351
55807920
56979329
55324380
57518863
55209280
55888247
55998918
53663024
53325227
53717847
53106956
53491310
52271840
50661600
51815799
50133912
49594158
48590734
48015725
47327813
45099158
45000275
46242993
47545159
45907094
45131140
43902385
45332082
45199144
44740728
44420544
45938809
44739878
43865086
44213224
47617334
45905280
47154498
45946508
47055990
47050357
46625104
48408177
46950354
48406860
47854888
49155615
51607780
50695906
49987492
50705618
50561763
51634372
50931329
51207123
50759490
51460124
50722046
52428382
54789823
53409112
52097482
55327978
53744073
52141554
52329036
52026015
53181153
50511376
50810858
52700820
50329412
50789715
50416946
50081464
52120856
50474399
49463160
48841796
48440180
49866254
49552451
46822771
48872365
48439072
47576444
48257183
50145822
46603897
47605498
48080130
47271518
46898303
47110642
49444075
48101738
47988622
47014138
47427796
46902198
47658879
48936974
48941360
49122713
48448200
50100458
49125937
51417086
48770252
48176521
49419394
51333847
49509420
49688461
50470585
50465154
49694557
49819097
50989856
52025540
51393749
48692243
50401682
51221629
52246035
49579453
51728601
49814406
51033106
51219713
50831390
49931429
51591483
50871702
51137657
51196114
50440842
50966712
50419742
49003555
50934946
49726499
49696200
50502478
49531848
48778311
48626766
48014568
49514272
50010434
48536360
48768434
47744778
48262536
48642240
49455898
48081615
47635362
48256500
49318229
50133362
49380155
48500956
48600332
49754638
49030876
47987999
47742441
49432413
48632069
49579236
48832975
49218874
50557399
48634735
52029484
49425764
51478190
50230341
50605368
49947762
49570622
51296178
48043162
51460721
50625679
52676892
50351898
50239984
49327888
48737550
50197615
49265810
51199856
50206160
49699352
48702206
50833330
50013717
49618028
49882338
50052145
49944644
50005524
49594074
51199551
48757121
50309346
48753687
51188587
50358306
49264448
50335476
48974269
49337967
26434750

402
0
0
0
0
0
0
0
0
0
0
0
0
0
0
0
0
0
0
0
0
0
0
0
0
0
0
0
0
0
0
0
0
0
0
0
0
0
0
0
0
0
0
6544
6483
6476
6625
6477
6719
6522
6513
6517
6617
6547
6590
6579
6578
6639
6499
6540
6618
6581
6643
6607
6494
6694
6529
6513
6405
6678
6511
6574
6514
6495
6577
6541
6498
6484
6588
6608
6503
6477
6547
69
231
395
569
735
892
1074
1222
1398
1553
1700
1848
1973
2286
2354
2581
2670
2914
3007
3283
3341
3449
3736
3888
4101
4160
4436
4462
4677
4866
5038
5079
5437
5488
5633
5754
5917
6198
6308
6548
6454
6387
6057
6013
5960
5655
5560
5415
5360
5139
5083
4919
4838
4745
4597
4585
4415
4264
4221
4136
3966
4012
3882
3797
3686
3671
3679
3520
3487
3524
3595
3433
3328
3380
3378
3435
3285
3343
3303
3315
3350
3475
3691
3804
3949
4061
4161
4292
4300
4435
4549
4652
4750
4835
4891
4813
4940
4969
5047
5076
5034
5055
5069
5029
5116
5105
4978
5082
4923
5038
4955
4812
4751
4739
4789
4719
4621
4504
4495
4419
4355
4333
4189
4066
3972
4011
4089
3996
4035
3945
3895
3946
3955
3857
3861
3930
3839
3798
4027
4035
4042
4050
4054
4155
4093
4114
4163
4132
4238
4320
4365
4441
4431
4444
4524
4456
4566
4546
4582
4574
4538
4506
4713
4678
4722
4694
4767
4734
4635
4673
4646
4738
4540
4543
4749
4510
4586
4525
4461
4455
4300
4277
4421
4315
4275
4369
4184
4275
4126
4216
4157
4353
4071
4233
4213
4101
4143
4148
4257
4141
4130
4169
4223
4089
4263
4210
4237
4331
4296
4348
4309
4492
4330
4297
4326
4418
4406
4331
4450
4507
4342
4431
4440
4549
4602
4380
4620
4494
4620
4399
4624
4441
4533
4501
4511
4513
4455
4411
4396
4405
4436
4516
4377
4436
4354
4341
4321
4432
4286
4313
4259
4253
4297
4339
4284
4301
4181
4275
4298
4285
4306
4249
4341
4329
4325
4312
4310
4355
4245
4307
4245
4248
4276
4292
4316
4340
4382
4424
4377
4467
4380
4469
4442
4437
4484
4421
4445
4294
4397
4422
4554
4393
4523
4407
4324
4517
4453
4433
4376
4428
4350
4452
4406
4396
4313
4443
4295
4370
4358
4490
4365
4309
4334
4475
4325
4409
4426
4237
4422
4313

402
0
0
0
0
0
0
0
0
0
0
0
0
0
0
0
0
0
0
0
0
0
0
0
0
0
0
0
0
0
0
0
0
0
0
0
0
0
0
0
0
0
0
4
4
4
4
4
4
4
4
4
4
4
4
4
4
4
4
4
4
4
4
4
4
4
4
4
4
4
4
4
4
4
4
4
4
4
4
4
4
4
4
1
2
2
2
3
2
2
3
3
3
3
3
3
3
3
3
4
3
3
3
4
4
3
3
4
4
4
4
4
4
4
3
4
4
4
4
4
4
4
4
4
4
4
4
4
4
4
4
4
4
4
4
4
4
4
4
4
4
4
4
4
4
4
4
4
4
4
5
5
5
4
4
3
5
4
4
3
4
4
4
4
4
3
4
3
4
4
4
3
4
4
6
4
4
4
4
4
4
4
4
4
5
4
4
4
4
4
4
4
4
5
4
4
5
5
4
4
4
4
4
4
4
4
4
4
4
4
4
4
4
4
5
4
4
4
4
4
4
4
4
4
3
5
4
4
4
4
4
4
3
4
4
4
4
4
4
4
4
4
4
4
4
5
4
4
4
4
5
5
5
4
4
4
4
4
4
4
4
4
5
4
4
4
4
4
4
4
5
4
4
4
4
4
5
4
4
4
4
4
5
4
4
5
4
5
5
5
5
5
4
4
4
4
4
4
4
4
4
4
4
5
4
4
4
6
4
4
4
4
4
4
4
4
4
4
4
4
4
4
4
4
4
5
4
4
4
4
4
4
4
4
4
4
5
5
4
4
4
4
4
4
4
5
4
4
4
4
4
4
4
4
4
4
5
4
4
4
4
4
5
4
4
4
4
4
4
5
4
4
4
5
4
5
4
5
4
4
4
5
5
4
4
4
4
4
4
5
5
4
4
4
5
4
5
5
5
6
4
5
5

402
0
0
0
0
0
0
0
0
0
0
0
0
0
0
0
0
0
0
0
0
0
0
0
0
0
0
0
0
0
0
0
0
0
0
0
0
0
0
0
0
0
0
37787564
37435287
37392037
38260161
37399521
38800604
37660772
37614059
37631537
38208457
37799425
38047078
37991960
37983798
38333444
37522695
37767217
38211818
38000561
38360671
38154655
37502974
38656871
37705614
37606423
36984201
38561729
37588949
37960208
37613633
37507902
37978506
37771317
37522312
37444063
38039835
38158301
37552899
37401549
37805075
398668
1334594
2279898
3285558
4243478
5151141
6203185
7054822
8074260
8969789
9817031
10674472
11391990
13201012
13595088
14901201
15417927
16824771
17360537
18955634
19291358
19918116
21576506
22449640
23680280
24022733
25614437
25765756
27003454
28099837
29089992
29326784
31392222
31689582
32525895
33223085
34170832
35783341
36423241
37810213
37269011
36885887
34975156
34721139
34410843
32652968
32108806
31268212
30952121
29672835
29355292
28401255
27939328
27399835
26547802
26474314
25492659
24620559
24373834
23885397
22902094
23163299
22417718
21928017
21282593
21196361
21242173
20329737
20141256
20350224
20761034
19821925
19215794
19518609
19507363
19832527
18970589
19305276
19069940
19141969
19344451
20063550
21312599
21968250
22802045
23448167
24029511
24783987
24830334
25606977
26266736
26860563
27432048
27917935
28243702
27783843
28532033
28698062
29141022
29310693
29070624
29187244
29269209
29038162
29541869
29474655
28747222
29348734
28429388
29088857
28614446
27789001
27435472
27364761
27651009
27250810
26679631
26006828
25953963
25511151
25149657
25019237
24189293
23483258
22937364
23156609
23612625
23076451
23299465
22781404
22492924
22787747
22841288
22267435
22300002
22694595
22164735
21931974
23255525
23300656
23334959
23385492
23410789
23994791
23637458
23755007
24039617
23857979
24474893
24941189
25204811
25641843
25587061
25662859
26121981
25730613
26362722
26251641
26453836
26410144
26202935
26020507
27215938
27015023
27269042
27100850
27528693
27334877
26768191
26982156
26823761
27360558
26217380
26233105
27427792
26050630
26476973
26129821
25756701
25722481
24827758
24699886
25523351
24919414
24685512
25235782
24168167
24683132
23821861
24344890
24004503
25136787
23501877
24437692
24326281
23679859
23923619
23952906
24581309
23916433
23847935
24074870
24382293
23607562
24614814
24311589
24467042
25008325
24806533
25103563
24881572
25938533
25005444
24817548
24977332
25511958
25445674
25010213
25694352
26026566
25078780
25587330
25634125
26263337
26577745
25290243
26673158
25953241
26683311
25401474
26696294
25644695
26181012
25992490
26049521
26065430
25723428
25469364
25387825
25441165
25606575
26078438
25275416
25612824
25144575
25065813
24948529
25589043
24749512
24904243
24589341
24561071
24808785
25053095
24741390
24835371
24139950
24682661
24817618
24742045
24863106
24533684
25069860
24997824
24974384
24898978
24887540
25140905
24509685
24872655
24517878
24533306
24690328
24785982
24925726
25060110
25298141
25550201
25276671
25792514
25296059
25806388
25646978
25620052
25890529
25533168
25670349
24795171
25389234
25536555
26299754
25363541
26116547
25447930
24972937
26078963
25710471
25593611
25267260
25567168
25121647
25705357
25443814
25383172
24906160
25659499
24801049
25232459
25161306
25927714
25205170
24881383
25026858
25835250
24975884
25457329
25559294
24463900
25533134
24902939

402
0
0
0
0
0
0
0
0
0
0
0
0
0
0
0
0
0
0
0
0
0
0
0
0
0
0
0
0
0
0
0
0
0
0
0
0
0
0
0
0
0
0
23324
23262
23283
23306
23294
23269
23237
23248
23259
23313
23356
23277
23280
23321
23318
23334
23198
23279
23273
23286
23278
23285
23263
23247
23249
23336
23273
23301
23240
23221
23304
23316
23294
23239
23246
23302
23323
23294
23257
23283
5873
11633
11686
11595
17325
11632
11667
17318
17405
17473
17286
17372
17505
17522
17412
17389
23053
17468
17445
17479
23081
23113
17468
17464
23220
23027
23102
23026
22996
23218
23194
17480
23155
23156
23173
23175
23163
23259
23165
23221
23308
23221
23192
23207
23246
22954
23279
23193
23306
23227
23196
23146
23074
23203
23197
23147
23195
23246
23281
22998
23144
23103
23145
23150
23167
23114
23034
28825
29057
28899
23066
23220
17455
28998
23130
23110
17443
23071
23056
23344
23035
23149
17491
23089
17485
23187
23213
23130
17508
23143
23159
34695
23248
23198
22981
23203
23159
23183
23191
23290
23178
28794
23142
23382
23219
23195
23215
23117
23188
23193
28870
23346
23170
28931
28933
23191
23186
23165
23143
23151
23255
23142
23205
23152
23214
23216
23233
23158
23187
23115
23229
29055
23299
23148
23247
23240
23187
23128
23216
23132
23186
17480
28838
23224
23099
23215
23208
23167
23098
17465
23181
23226
23217
23215
23220
23246
23103
23199
23169
23082
23225
23153
28879
23095
23141
23176
23186
28791
28993
28821
23261
23161
23155
23150
23183
23251
23221
23239
23178
28690
23139
23198
23229
23244
23172
23155
23275
28696
23148
23187
23155
23228
23185
28910
23218
23133
23207
23170
23123
28913
23216
23306
28824
23230
28881
28892
28886
28819
28872
23190
23195
23194
23241
23221
23248
23341
23328
23319
23207
23249
28911
23192
23206
23192
34598
23167
23208
23161
23332
23285
23296
23255
23233
23272
23254
23184
23142
23190
23155
23216
23152
23210
29009
23143
23259
23184
23193
23057
23171
23186
23156
23243
23118
28891
28961
23136
23143
23146
23136
23159
23178
23219
28955
23171
23216
23175
23144
23195
23148
23135
23169
23211
23147
28857
23161
23186
23014
23115
23210
29005
23206
23227
23216
23089
23117
23237
28811
23134
23105
23282
28709
23267
29006
23135
28981
23071
23175
23178
28980
28736
23142
23236
23188
23150
23245
23176
28847
28949
23134
23201
23193
28912
23097
28897
29040
28830
34722
23233
28824
29001

402
0
0
0
0
0
0
0
0
0
0
0
0
0
0
0
0
0
0
0
0
0
0
0
0
0
0
0
0
0
0
0
0
0
0
0
0
0
0
0
0
0
0
37787564
37435287
37392037
38260161
37399521
38800604
37660772
37614059
37631537
38208457
37799425
38047078
37991960
37983798
38333444
37522695
37767217
38211818
38000561
38360671
38154655
37502974
38656871
37705614
37606423
36984201
38561729
37588949
37960208
37613633
37507902
37978506
37771317
37522312
37444063
38039835
38158301
37552899
37401549
37805075
398668
1334594
2279898
3285558
4243478
5151141
6203185
7054822
8074260
8969789
9817031
10674472
11391990
13201012
13595088
14901201
15417927
16824771
17360537
18955634
19291358
19918116
21576506
22449640
23680280
24022733
25614437
25765756
27003454
28099837
29089992
29326784
31392222
31689582
32525895
33223085
34170832
35783341
36423241
37810213
37269011
36885887
34975156
34721139
34410843
32652968
32108806
31268212
30952121
29672835
29355292
28401255
27939328
27399835
26547802
26474314
25492659
24620559
24373834
23885397
22902094
23163299
22417718
21928017
21282593
21196361
21242173
20329737
20141256
20350224
20761034
19821925
19215794
19518609
19507363
19832527
18970589
19305276
19069940
19141969
19344451
20063550
21312599
21968250
22802045
23448167
24029511
24783987
24830334
25606977
26266736
26860563
27432048
27917935
28243702
27783843
28532033
28698062
29141022
29310693
29070624
29187244
29269209
29038162
29541869
29474655
28747222
29348734
28429388
29088857
28614446
27789001
27435472
27364761
27651009
27250810
26679631
26006828
25953963
25511151
25149657
25019237
24189293
23483258
22937364
23156609
23612625
23076451
23299465
22781404
22492924
22787747
22841288
22267435
22300002
22694595
22164735
21931974
23255525
23300656
23334959
23385492
23410789
23994791
23637458
23755007
24039617
23857979
24474893
24941189
25204811
25641843
25587061
25662859
26121981
25730613
26362722
26251641
26453836
26410144
26202935
26020507
27215938
27015023
27269042
27100850
27528693
27334877
26768191
26982156
26823761
27360558
26217380
26233105
27427792
26050630
26476973
26129821
25756701
25722481
24827758
24699886
25523351
24919414
24685512
25235782
24168167
24683132
23821861
24344890
24004503
25136787
23501877
24437692
24326281
23679859
23923619
23952906
24581309
23916433
23847935
24074870
24382293
23607562
24614814
24311589
24467042
25008325
24806533
25103563
24881572
25938533
25005444
24817548
24977332
25511958
25445674
25010213
25694352
26026566
25078780
25587330
25634125
26263337
26577745
25290243
26673158
25953241
26683311
25401474
26696294
25644695
26181012
25992490
26049521
26065430
25723428
25469364
25387825
25441165
25606575
26078438
25275416
25612824
25144575
25065813
24948529
25589043
24749512
24904243
24589341
24561071
24808785
25053095
24741390
24835371
24139950
24682661
24817618
24742045
24863106
24533684
25069860
24997824
24974384
24898978
24887540
25140905
24509685
24872655
24517878
24533306
24690328
24785982
24925726
25060110
25298141
25550201
25276671
25792514
25296059
25806388
25646978
25620052
25890529
25533168
25670349
24795171
25389234
25536555
26299754
25363541
26116547
25447930
24972937
26078963
25710471
25593611
25267260
25567168
25121647
25705357
25443814
25383172
24906160
25659499
24801049
25232459
25161306
25927714
25205170
24881383
25026858
25835250
24975884
25457329
25559294
24463900
25533134
24902939

402
0
0
0
0
0
0
0
0
0
0
0
0
0
0
0
0
0
0
0
0
0
0
0
0
0
0
0
0
0
0
0
0
0
0
0
0
0
0
0
0
0
0
4755
4685
4704
4804
4707
4880
4750
4734
4747
4791
4732
4767
4788
4760
4829
4713
4739
4808
4783
4812
4800
4712
4856
4737
4757
4644
4858
4725
4780
4710
4719
4769
4766
4734
4723
4774
4796
4713
4730
4768
61
186
311
438
568
674
822
917
1052
1156
1270
1379
1471
1691
1744
1900
1975
2156
2202
2407
2454
2540
2727
2841
3002
3038
3241
3248
3401
3542
3667
3700
3944
3986
4095
4200
4299
4509
4577
4751
4693
4648
4405
4384
4327
4134
4043
3954
3900
3742
3709
3594
3518
3476
3347
3338
3232
3116
3076
3039
2894
2930
2843
2777
2708
2691
2689
2573
2564
2582
2646
2520
2438
2481
2480
2515
2416
2477
2414
2438
2456
2561
2692
2788
2887
2967
3049
3124
3136
3254
3315
3392
3466
3529
3568
3512
3604
3617
3673
3694
3658
3693
3696
3665
3733
3705
3616
3708
3573
3669
3619
3518
3472
3456
3491
3440
3366
3289
3313
3229
3188
3161
3072
2971
2903
2928
3011
2916
2948
2878
2849
2877
2912
2824
2834
2874
2800
2814
2950
2951
2961
2965
2964
3029
3000
2997
3037
3018
3094
3154
3188
3242
3251
3251
3299
3250
3335
3323
3343
3346
3320
3283
3442
3409
3447
3433
3473
3455
3389
3399
3393
3462
3306
3314
3458
3302
3351
3298
3257
3267
3141
3135
3234
3156
3133
3182
3074
3123
3019
3081
3047
3189
2975
3100
3091
3003
3032
3029
3116
3021
3026
3041
3083
2991
3133
3077
3093
3166
3135
3176
3146
3277
3163
3165
3150
3225
3215
3160
3248
3283
3185
3244
3240
3302
3394
3182
3380
3282
3379
3210
3385
3235
3312
3291
3291
3307
3252
3215
3200
3219
3249
3302
3196
3235
3177
3181
3174
3239
3131
3150
3113
3107
3156
3171
3131
3148
3058
3126
3132
3125
3148
3102
3183
3165
3163
3147
3145
3189
3125
3139
3103
3111
3141
3138
3143
3169
3198
3234
3199
3269
3197
3271
3267
3242
3257
3236
3250
3147
3207
3238
3334
3211
3298
3235
3161
3298
3272
3248
3185
3230
3178
3256
3218
3222
3150
3239
3144
3184
3193
3277
3210
3154
3218
3272
3183
3238
3242
3095
3220
3148

